ID,CLASS
1,1
2,0
3,1
4,0
5,0
6,1
7,0
8,1
9,1
10,0
11,0
12,1
13,1
14,1
15,0
16,0
17,1
18,1
19,0
20,0
21,0
22,0
23,0
24,0
25,0
26,1
27,0
28,0
29,0
30,1
31,1
32,0
33,1
34,0
35,1
36,0
37,0
38,0
39,0
40,1
41,0
42,1
43,1
44,0
45,0
46,1
47,1
48,0
49,0
50,1
51,0
52,1
53,1
54,0
55,0
56,0
57,0
58,1
59,1
60,0
61,0
62,0
63,0
64,1
65,0
66,1
67,0
68,0
69,0
70,0
71,0
72,1
73,0
74,1
75,1
76,1
77,1
78,0
79,1
80,1
81,1
82,1
83,1
84,1
85,1
86,0
87,0
88,0
89,0
90,1
91,0
92,1
93,1
94,0
95,0
96,1
97,1
98,0
99,0
100,0
101,0
102,0
103,0
104,0
105,1
106,1
107,0
108,0
109,0
110,0
111,0
112,1
113,0
114,0
115,0
116,1
117,0
118,0
119,1
120,0
121,0
122,1
123,1
124,0
125,0
126,0
127,1
128,0
129,0
130,0
131,0
132,0
133,0
134,0
135,0
136,1
137,0
138,0
139,1
140,1
141,1
142,1
143,1
144,0
145,1
146,1
147,0
148,1
149,0
150,1
151,0
152,1
153,1
154,1
155,1
156,0
157,1
158,1
159,0
160,1
161,0
162,1
163,0
164,0
165,0
166,0
167,0
168,0
169,0
170,1
171,0
172,0
173,0
174,0
175,0
176,0
177,0
178,0
179,1
180,1
181,0
182,0
183,0
184,1
185,0
186,0
187,0
188,0
189,0
190,1
191,0
192,0
193,1
194,1
195,0
196,1
197,1
198,0
199,1
200,0
201,0
202,0
203,0
204,0
205,0
206,1
207,0
208,0
209,0
210,0
211,0
212,1
213,1
214,1
215,0
216,0
217,0
218,1
219,1
220,1
221,0
222,0
223,0
224,0
225,0
226,1
227,0
228,1
229,0
230,1
231,0
232,1
233,0
234,0
235,0
236,1
237,0
238,0
239,0
240,0
241,1
242,0
243,0
244,0
245,1
246,0
247,1
248,0
249,1
250,0
251,0
252,0
253,0
254,0
255,1
256,0
257,0
258,1
259,1
260,0
261,0
262,1
263,0
264,1
265,1
266,0
267,0
268,1
269,1
270,0
271,0
272,0
273,1
274,0
275,1
276,0
277,1
278,0
279,0
280,0
281,1
282,0
283,0
284,1
285,0
286,0
287,0
288,0
289,0
290,0
291,0
292,0
293,0
294,0
295,0
296,1
297,0
298,0
299,0
300,0
301,1
302,0
303,1
304,1
305,0
306,0
307,0
308,1
309,0
310,1
311,1
312,0
313,1
314,0
315,1
316,1
317,1
318,0
319,0
320,0
321,1
322,1
323,0
324,1
325,0
326,0
327,1
328,0
329,0
330,0
331,0
332,1
333,0
334,1
335,0
336,1
337,0
338,1
339,0
340,1
341,0
342,1
343,0
344,0
345,0
346,0
347,0
348,0
349,1
350,0
351,0
352,0
353,0
354,0
355,1
356,1
357,0
358,1
359,0
360,0
361,1
362,1
363,1
364,1
365,1
366,0
367,1
368,0
369,0
370,0
371,1
372,0
373,1
374,0
375,0
376,1
377,1
378,1
379,1
380,0
381,0
382,1
383,1
384,0
385,0
386,0
387,0
388,0
389,1
390,0
391,0
392,1
393,0
394,0
395,0
396,0
397,1
398,0
399,0
400,0
401,0
402,0
403,0
404,1
405,1
406,0
407,0
408,0
409,0
410,1
411,0
412,0
413,1
414,0
415,0
416,1
417,1
418,0
419,0
420,0
421,1
422,1
423,0
424,0
425,1
426,0
427,0
428,0
429,0
430,1
431,0
432,0
433,0
434,0
435,1
436,0
437,0
438,0
439,0
440,1
441,1
442,0
443,0
444,0
445,0
446,0
447,1
448,0
449,0
450,1
451,0
452,1
453,1
454,1
455,0
456,0
457,0
458,0
459,0
460,0
461,0
462,0
463,0
464,1
465,0
466,0
467,0
468,0
469,1
470,0
471,1
472,0
473,0
474,1
475,0
476,0
477,1
478,0
479,1
480,0
481,0
482,0
483,1
484,1
485,1
486,1
487,0
488,1
489,1
490,0
491,0
492,1
493,1
494,0
495,0
496,1
497,1
498,1
499,1
500,0
501,1
502,1
503,1
504,1
505,0
506,1
507,0
508,0
509,0
510,0
511,0
512,1
513,1
514,1
515,0
516,1
517,1
518,0
519,1
520,0
521,1
522,0
523,1
524,1
525,0
526,0
527,0
528,1
529,1
530,1
531,0
532,0
533,0
534,0
535,0
536,0
537,1
538,1
539,0
540,1
541,0
542,0
543,0
544,1
545,0
546,1
547,0
548,0
549,0
550,1
551,0
552,0
553,1
554,1
555,1
556,0
557,1
558,1
559,0
560,1
561,1
562,0
563,0
564,0
565,0
566,0
567,1
568,1
569,1
570,1
571,0
572,1
573,1
574,0
575,1
576,0
577,0
578,1
579,1
580,1
581,1
582,1
583,1
584,0
585,1
586,1
587,0
588,0
589,0
590,0
591,1
592,0
593,0
594,0
595,0
596,0
597,0
598,0
599,1
600,0
601,0
602,0
603,0
604,1
605,0
606,1
607,1
608,0
609,0
610,0
611,0
612,1
613,1
614,1
615,1
616,0
617,1
618,0
619,0
620,1
621,0
622,0
623,1
624,0
625,1
626,0
627,0
628,0
629,1
630,1
631,1
632,0
633,0
634,1
635,1
636,1
637,1
638,0
639,0
640,0
641,0
642,0
643,0
644,0
645,0
646,0
647,1
648,0
649,0
650,0
651,1
652,0
653,1
654,0
655,1
656,1
657,1
658,0
659,0
660,0
661,0
662,0
663,1
664,0
665,0
666,0
667,0
668,0
669,0
670,1
671,0
672,0
673,0
674,0
675,0
676,0
677,0
678,0
679,1
680,0
681,1
682,0
683,0
684,1
685,0
686,1
687,0
688,1
689,0
690,0
691,1
692,0
693,0
694,0
695,0
696,1
697,0
698,1
699,1
700,0
701,1
702,0
703,0
704,1
705,0
706,0
707,1
708,0
709,0
710,0
711,0
712,0
713,1
714,0
715,0
716,0
717,0
718,1
719,0
720,0
721,0
722,1
723,1
724,0
725,0
726,0
727,1
728,1
729,1
730,0
731,1
732,1
733,1
734,1
735,1
736,1
737,0
738,1
739,1
740,0
741,0
742,0
743,0
744,1
745,0
746,1
747,0
748,0
749,1
750,1
751,0
752,0
753,1
754,0
755,0
756,0
757,0
758,1
759,0
760,1
761,0
762,1
763,0
764,1
765,1
766,0
767,1
768,1
769,0
770,1
771,1
772,0
773,1
774,1
775,1
776,0
777,1
778,0
779,1
780,0
781,1
782,1
783,1
784,0
785,1
786,0
787,0
788,0
789,0
790,0
791,0
792,0
793,0
794,0
795,1
796,0
797,0
798,0
799,1
800,1
801,0
802,0
803,0
804,1
805,1
806,1
807,0
808,0
809,1
810,1
811,0
812,0
813,1
814,0
815,1
816,0
817,0
818,0
819,0
820,0
821,1
822,0
823,1
824,1
825,1
826,1
827,0
828,0
829,0
830,0
831,1
832,0
833,0
834,0
835,0
836,0
837,0
838,0
839,0
840,0
841,0
842,0
843,0
844,0
845,0
846,1
847,0
848,0
849,1
850,0
851,0
852,0
853,0
854,0
855,1
856,1
857,1
858,0
859,0
860,0
861,1
862,0
863,1
864,0
865,0
866,1
867,0
868,0
869,0
870,0
871,0
872,1
873,0
874,1
875,1
876,0
877,1
878,1
879,0
880,0
881,0
882,0
883,1
884,0
885,1
886,0
887,1
888,0
889,0
890,0
891,0
892,1
893,0
894,0
895,1
896,0
897,0
898,0
899,0
900,0
901,0
902,0
903,0
904,0
905,0
906,0
907,0
908,0
909,1
910,0
911,0
912,0
913,0
914,1
915,1
916,0
917,0
918,0
919,1
920,1
921,0
922,0
923,0
924,1
925,1
926,1
927,0
928,0
929,1
930,1
931,1
932,1
933,0
934,0
935,1
936,1
937,0
938,0
939,1
940,0
941,1
942,0
943,0
944,0
945,1
946,0
947,0
948,1
949,0
950,1
951,0
952,0
953,1
954,1
955,0
956,1
957,0
958,1
959,1
960,0
961,1
962,1
963,0
964,0
965,1
966,0
967,0
968,1
969,1
970,0
971,1
972,0
973,1
974,0
975,0
976,0
977,1
978,1
979,1
980,0
981,1
982,1
983,0
984,0
985,1
986,0
987,1
988,1
989,1
990,0
991,0
992,0
993,0
994,0
995,1
996,0
997,0
998,0
999,1
1000,0
1001,0
1002,0
1003,0
1004,0
1005,1
1006,1
1007,1
1008,0
1009,0
1010,1
1011,0
1012,1
1013,0
1014,0
1015,1
1016,1
1017,0
1018,1
1019,0
1020,1
1021,0
1022,0
1023,1
1024,0
1025,1
1026,0
1027,1
1028,0
1029,0
1030,0
1031,0
1032,0
1033,1
1034,0
1035,1
1036,1
1037,1
1038,1
1039,0
1040,0
1041,1
1042,1
1043,0
1044,0
1045,1
1046,1
1047,0
1048,0
1049,1
1050,0
1051,1
1052,0
1053,0
1054,0
1055,0
1056,0
1057,0
1058,0
1059,0
1060,0
1061,0
1062,0
1063,0
1064,0
1065,1
1066,0
1067,0
1068,1
1069,0
1070,0
1071,0
1072,1
1073,1
1074,0
1075,0
1076,1
1077,0
1078,1
1079,0
1080,1
1081,1
1082,0
1083,0
1084,1
1085,1
1086,1
1087,1
1088,0
1089,0
1090,0
1091,0
1092,1
1093,0
1094,1
1095,0
1096,1
1097,1
1098,0
1099,0
1100,0
1101,1
1102,1
1103,1
1104,1
1105,1
1106,0
1107,0
1108,0
1109,1
1110,0
1111,1
1112,0
1113,1
1114,1
1115,0
1116,1
1117,1
1118,0
1119,0
1120,1
1121,0
1122,0
1123,1
1124,0
1125,1
1126,0
1127,0
1128,1
1129,0
1130,0
1131,1
1132,0
1133,1
1134,1
1135,0
1136,0
1137,0
1138,1
1139,0
1140,1
1141,0
1142,1
1143,1
1144,1
1145,0
1146,1
1147,0
1148,0
1149,1
1150,0
1151,0
1152,1
1153,0
1154,1
1155,1
1156,0
1157,0
1158,1
1159,0
1160,0
1161,0
1162,0
1163,0
1164,0
1165,0
1166,0
1167,0
1168,1
1169,0
1170,0
1171,1
1172,0
1173,0
1174,0
1175,1
1176,0
1177,0
1178,0
1179,0
1180,0
1181,1
1182,0
1183,1
1184,0
1185,0
1186,1
1187,1
1188,0
1189,0
1190,0
1191,1
1192,0
1193,1
1194,1
1195,0
1196,0
1197,0
1198,1
1199,1
1200,1
1201,1
1202,0
1203,0
1204,1
1205,1
1206,0
1207,1
1208,1
1209,0
1210,1
1211,0
1212,1
1213,1
1214,0
1215,1
1216,0
1217,0
1218,1
1219,0
1220,0
1221,0
1222,0
1223,0
1224,1
1225,1
1226,0
1227,0
1228,0
1229,0
1230,1
1231,1
1232,0
1233,1
1234,0
1235,1
1236,0
1237,0
1238,0
1239,0
1240,0
1241,0
1242,1
1243,1
1244,0
1245,0
1246,0
1247,1
1248,1
1249,0
1250,1
1251,0
1252,0
1253,0
1254,1
1255,1
1256,0
1257,0
1258,0
1259,1
1260,0
1261,0
1262,1
1263,0
1264,1
1265,1
1266,1
1267,0
1268,0
1269,0
1270,0
1271,0
1272,0
1273,1
1274,1
1275,1
1276,0
1277,0
1278,1
1279,0
1280,0
1281,0
1282,1
1283,0
1284,0
1285,0
1286,1
1287,0
1288,1
1289,1
1290,0
1291,1
1292,0
1293,1
1294,0
1295,1
1296,0
1297,0
1298,1
1299,1
1300,0
1301,1
1302,1
1303,0
1304,0
1305,0
1306,0
1307,0
1308,0
1309,1
1310,0
1311,0
1312,0
1313,0
1314,0
1315,0
1316,0
1317,1
1318,1
1319,1
1320,0
1321,1
1322,0
1323,1
1324,1
1325,1
1326,1
1327,0
1328,1
1329,0
1330,1
1331,1
1332,0
1333,0
1334,0
1335,0
1336,0
1337,1
1338,0
1339,0
1340,0
1341,0
1342,0
1343,1
1344,0
1345,0
1346,1
1347,0
1348,0
1349,0
1350,1
1351,1
1352,0
1353,0
1354,0
1355,0
1356,1
1357,0
1358,0
1359,0
1360,1
1361,0
1362,0
1363,0
1364,1
1365,1
1366,0
1367,0
1368,0
1369,0
1370,0
1371,0
1372,1
1373,0
1374,0
1375,0
1376,1
1377,0
1378,0
1379,0
1380,0
1381,0
1382,1
1383,0
1384,1
1385,1
1386,0
1387,0
1388,1
1389,0
1390,1
1391,0
1392,0
1393,0
1394,0
1395,0
1396,1
1397,0
1398,1
1399,0
1400,1
1401,0
1402,0
1403,0
1404,1
1405,0
1406,1
1407,0
1408,1
1409,1
1410,1
1411,1
1412,0
1413,0
1414,1
1415,1
1416,0
1417,1
1418,1
1419,0
1420,0
1421,0
1422,1
1423,1
1424,1
1425,0
1426,1
1427,0
1428,0
1429,0
1430,0
1431,1
1432,0
1433,0
1434,1
1435,0
1436,0
1437,0
1438,0
1439,0
1440,1
1441,1
1442,0
1443,1
1444,1
1445,0
1446,1
1447,1
1448,0
1449,0
1450,1
1451,0
1452,0
1453,0
1454,0
1455,0
1456,0
1457,1
1458,0
1459,0
1460,0
1461,1
1462,0
1463,1
1464,0
1465,0
1466,0
1467,0
1468,1
1469,1
1470,0
1471,1
1472,0
1473,0
1474,0
1475,1
1476,1
1477,0
1478,1
1479,0
1480,0
1481,0
1482,0
1483,0
1484,1
1485,0
1486,0
1487,0
1488,1
1489,0
1490,0
1491,0
1492,0
1493,0
1494,0
1495,1
1496,0
1497,0
1498,1
1499,0
1500,1
1501,0
1502,0
1503,1
1504,0
1505,1
1506,0
1507,1
1508,0
1509,0
1510,0
1511,0
1512,0
1513,0
1514,1
1515,1
1516,0
1517,1
1518,0
1519,0
1520,1
1521,0
1522,0
1523,0
1524,0
1525,1
1526,0
1527,0
1528,0
1529,1
1530,0
1531,1
1532,1
1533,0
1534,0
1535,1
1536,1
1537,0
1538,1
1539,0
1540,0
1541,1
1542,1
1543,0
1544,0
1545,0
1546,1
1547,0
1548,1
1549,0
1550,1
1551,1
1552,0
1553,0
1554,0
1555,0
1556,1
1557,0
1558,0
1559,0
1560,0
1561,1
1562,0
1563,1
1564,0
1565,1
1566,0
1567,1
1568,1
1569,0
1570,0
1571,0
1572,1
1573,0
1574,1
1575,0
1576,0
1577,0
1578,0
1579,1
1580,0
1581,1
1582,1
1583,1
1584,1
1585,0
1586,0
1587,1
1588,0
1589,1
1590,0
1591,0
1592,0
1593,0
1594,1
1595,1
1596,0
1597,0
1598,0
1599,1
1600,1
1601,0
1602,1
1603,1
1604,0
1605,1
1606,0
1607,0
1608,0
1609,0
1610,1
1611,0
1612,1
1613,1
1614,0
1615,0
1616,1
1617,0
1618,1
1619,1
1620,1
1621,0
1622,0
1623,0
1624,1
1625,1
1626,0
1627,1
1628,1
1629,1
1630,1
1631,0
1632,0
1633,1
1634,0
1635,0
1636,1
1637,0
1638,1
1639,0
1640,0
1641,0
1642,1
1643,1
1644,1
1645,1
1646,0
1647,1
1648,0
1649,0
1650,1
1651,1
1652,0
1653,1
1654,1
1655,1
1656,1
1657,1
1658,0
1659,0
1660,1
1661,1
1662,0
1663,0
1664,0
1665,1
1666,1
1667,1
1668,1
1669,1
1670,0
1671,1
1672,0
1673,0
1674,0
1675,0
1676,0
1677,0
1678,0
1679,0
1680,0
1681,1
1682,0
1683,0
1684,0
1685,0
1686,0
1687,0
1688,0
1689,0
1690,1
1691,0
1692,1
1693,0
1694,0
1695,0
1696,0
1697,0
1698,1
1699,0
1700,0
1701,1
1702,1
1703,0
1704,0
1705,0
1706,0
1707,1
1708,1
1709,0
1710,1
1711,1
1712,1
1713,1
1714,0
1715,1
1716,0
1717,0
1718,0
1719,0
1720,1
1721,0
1722,1
1723,0
1724,1
1725,0
1726,0
1727,0
1728,0
1729,0
1730,0
1731,0
1732,0
1733,0
1734,0
1735,1
1736,0
1737,1
1738,0
1739,0
1740,1
1741,1
1742,1
1743,1
1744,0
1745,1
1746,0
1747,1
1748,1
1749,1
1750,0
1751,0
1752,0
1753,1
1754,1
1755,1
1756,1
1757,1
1758,0
1759,0
1760,0
1761,0
1762,1
1763,1
1764,1
1765,0
1766,0
1767,1
1768,0
1769,1
1770,1
1771,0
1772,0
1773,0
1774,1
1775,0
1776,0
1777,0
1778,0
1779,0
1780,0
1781,0
1782,0
1783,0
1784,0
1785,0
1786,0
1787,0
1788,1
1789,1
1790,1
1791,1
1792,0
1793,0
1794,0
1795,0
1796,1
1797,0
1798,0
1799,0
1800,1
1801,0
1802,1
1803,1
1804,0
1805,1
1806,1
1807,1
1808,1
1809,0
1810,0
1811,1
1812,0
1813,0
1814,1
1815,1
1816,1
1817,1
1818,0
1819,0
1820,0
1821,0
1822,0
1823,1
1824,1
1825,1
1826,0
1827,0
1828,1
1829,0
1830,1
1831,0
1832,0
1833,1
1834,0
1835,1
1836,0
1837,0
1838,0
1839,1
1840,0
1841,0
1842,0
1843,1
1844,1
1845,1
1846,1
1847,1
1848,0
1849,1
1850,1
1851,0
1852,1
1853,0
1854,1
1855,1
1856,1
1857,0
1858,0
1859,1
1860,0
1861,0
1862,0
1863,1
1864,0
1865,1
1866,1
1867,0
1868,1
1869,0
1870,0
1871,1
1872,1
1873,0
1874,1
1875,0
1876,0
1877,0
1878,1
1879,1
1880,1
1881,0
1882,1
1883,0
1884,0
1885,0
1886,0
1887,0
1888,0
1889,0
1890,1
1891,1
1892,1
1893,1
1894,1
1895,0
1896,1
1897,0
1898,0
1899,1
1900,1
1901,0
1902,1
1903,0
1904,0
1905,0
1906,0
1907,0
1908,1
1909,1
1910,1
1911,1
1912,0
1913,0
1914,0
1915,1
1916,1
1917,1
1918,0
1919,0
1920,1
1921,1
1922,0
1923,1
1924,0
1925,1
1926,1
1927,1
1928,0
1929,0
1930,0
1931,0
1932,1
1933,1
1934,0
1935,0
1936,1
1937,0
1938,0
1939,1
1940,0
1941,1
1942,0
1943,1
1944,0
1945,0
1946,0
1947,0
1948,0
1949,0
1950,1
1951,0
1952,1
1953,1
1954,1
1955,1
1956,1
1957,1
1958,1
1959,0
1960,0
1961,0
1962,1
1963,0
1964,0
1965,1
1966,0
1967,0
1968,0
1969,0
1970,0
1971,1
1972,1
1973,0
1974,1
1975,0
1976,1
1977,1
1978,0
1979,0
1980,0
1981,1
1982,1
1983,0
1984,1
1985,0
1986,1
1987,1
1988,0
1989,1
1990,1
1991,0
1992,1
1993,0
1994,0
1995,0
1996,0
1997,1
1998,1
1999,0
2000,1
2001,0
2002,0
2003,1
2004,0
2005,0
2006,0
2007,1
2008,0
2009,0
2010,0
2011,0
2012,1
2013,0
2014,0
2015,0
2016,1
2017,1
2018,0
2019,1
2020,1
2021,0
2022,1
2023,1
2024,0
2025,0
2026,0
2027,1
2028,0
2029,0
2030,0
2031,0
2032,0
2033,1
2034,0
2035,0
2036,0
2037,0
2038,0
2039,0
2040,1
2041,0
2042,0
2043,0
2044,0
2045,1
2046,1
2047,0
2048,0
2049,0
2050,1
2051,0
2052,0
2053,1
2054,0
2055,0
2056,0
2057,1
2058,0
2059,0
2060,0
2061,1
2062,1
2063,0
2064,0
2065,0
2066,0
2067,1
2068,0
2069,0
2070,1
2071,0
2072,0
2073,0
2074,0
2075,0
2076,1
2077,0
2078,1
2079,1
2080,0
2081,1
2082,0
2083,0
2084,0
2085,0
2086,1
2087,1
2088,1
2089,1
2090,0
2091,0
2092,0
2093,1
2094,0
2095,0
2096,0
2097,1
2098,1
2099,1
2100,0
2101,0
2102,1
2103,0
2104,0
2105,0
2106,1
2107,1
2108,1
2109,0
2110,0
2111,1
2112,0
2113,0
2114,0
2115,0
2116,1
2117,1
2118,1
2119,0
2120,1
2121,0
2122,0
2123,1
2124,1
2125,0
2126,0
2127,0
2128,1
2129,1
2130,0
2131,0
2132,0
2133,0
2134,1
2135,0
2136,0
2137,1
2138,1
2139,0
2140,0
2141,1
2142,1
2143,0
2144,0
2145,0
2146,1
2147,0
2148,1
2149,0
2150,0
2151,0
2152,0
2153,0
2154,1
2155,1
2156,1
2157,1
2158,0
2159,0
2160,0
2161,0
2162,0
2163,0
2164,0
2165,1
2166,0
2167,1
2168,0
2169,0
2170,0
2171,0
2172,1
2173,0
2174,0
2175,1
2176,0
2177,0
2178,1
2179,0
2180,0
2181,0
2182,0
2183,0
2184,0
2185,0
2186,1
2187,1
2188,1
2189,0
2190,1
2191,1
2192,0
2193,1
2194,1
2195,0
2196,0
2197,0
2198,0
2199,1
2200,1
2201,0
2202,0
2203,1
2204,1
2205,0
2206,0
2207,0
2208,0
2209,0
2210,1
2211,0
2212,0
2213,0
2214,0
2215,0
2216,0
2217,0
2218,1
2219,1
2220,0
2221,1
2222,0
2223,0
2224,0
2225,0
2226,1
2227,0
2228,0
2229,0
2230,1
2231,0
2232,1
2233,0
2234,1
2235,0
2236,1
2237,1
2238,0
2239,0
2240,1
2241,0
2242,0
2243,0
2244,0
2245,0
2246,0
2247,1
2248,0
2249,1
2250,0
2251,1
2252,0
2253,0
2254,1
2255,0
2256,0
2257,0
2258,0
2259,0
2260,0
2261,0
2262,0
2263,1
2264,0
2265,0
2266,0
2267,0
2268,1
2269,0
2270,1
2271,0
2272,1
2273,1
2274,1
2275,0
2276,1
2277,0
2278,1
2279,1
2280,0
2281,0
2282,1
2283,1
2284,1
2285,0
2286,0
2287,0
2288,0
2289,0
2290,0
2291,0
2292,0
2293,0
2294,0
2295,0
2296,0
2297,1
2298,1
2299,1
2300,0
2301,0
2302,0
2303,0
2304,1
2305,0
2306,0
2307,0
2308,0
2309,0
2310,0
2311,1
2312,1
2313,1
2314,1
2315,1
2316,1
2317,0
2318,0
2319,1
2320,0
2321,0
2322,1
2323,0
2324,0
2325,0
2326,0
2327,1
2328,0
2329,0
2330,0
2331,0
2332,1
2333,1
2334,1
2335,0
2336,0
2337,0
2338,0
2339,1
2340,0
2341,1
2342,1
2343,1
2344,0
2345,1
2346,1
2347,1
2348,0
2349,0
2350,0
2351,0
2352,0
2353,1
2354,0
2355,0
2356,0
2357,0
2358,0
2359,0
2360,1
2361,0
2362,1
2363,0
2364,0
2365,0
2366,1
2367,0
2368,1
2369,1
2370,1
2371,1
2372,1
2373,1
2374,0
2375,0
2376,0
2377,0
2378,0
2379,0
2380,0
2381,0
2382,1
2383,0
2384,0
2385,1
2386,1
2387,0
2388,0
2389,1
2390,0
2391,0
2392,1
2393,1
2394,0
2395,0
2396,1
2397,0
2398,0
2399,0
2400,1
2401,0
2402,1
2403,0
2404,0
2405,0
2406,1
2407,0
2408,1
2409,0
2410,1
2411,0
2412,1
2413,0
2414,0
2415,0
2416,1
2417,0
2418,1
2419,1
2420,0
2421,0
2422,0
2423,0
2424,0
2425,1
2426,0
2427,0
2428,0
2429,0
2430,0
2431,0
2432,1
2433,0
2434,0
2435,1
2436,1
2437,0
2438,0
2439,1
2440,0
2441,0
2442,1
2443,1
2444,1
2445,0
2446,0
2447,1
2448,0
2449,0
2450,0
2451,0
2452,0
2453,0
2454,1
2455,0
2456,0
2457,1
2458,0
2459,0
2460,1
2461,1
2462,1
2463,1
2464,1
2465,0
2466,1
2467,0
2468,0
2469,0
2470,0
2471,0
2472,1
2473,0
2474,1
2475,1
2476,1
2477,0
2478,0
2479,0
2480,0
2481,0
2482,0
2483,0
2484,1
2485,1
2486,1
2487,0
2488,0
2489,0
2490,0
2491,0
2492,1
2493,1
2494,1
2495,0
2496,1
2497,1
2498,1
2499,0
2500,1
2501,1
2502,0
2503,0
2504,0
2505,0
2506,1
2507,0
2508,1
2509,0
2510,0
2511,1
2512,0
2513,0
2514,0
2515,0
2516,0
2517,0
2518,1
2519,0
2520,1
2521,0
2522,0
2523,1
2524,0
2525,0
2526,1
2527,1
2528,0
2529,0
2530,0
2531,0
2532,1
2533,0
2534,0
2535,1
2536,0
2537,0
2538,1
2539,0
2540,0
2541,1
2542,0
2543,0
2544,0
2545,1
2546,0
2547,0
2548,0
2549,1
2550,1
2551,0
2552,1
2553,0
2554,1
2555,0
2556,0
2557,0
2558,1
2559,1
2560,0
2561,0
2562,0
2563,0
2564,1
2565,0
2566,0
2567,0
2568,0
2569,1
2570,1
2571,1
2572,0
2573,0
2574,0
2575,1
2576,1
2577,0
2578,1
2579,0
2580,1
2581,0
2582,0
2583,1
2584,0
2585,0
2586,0
2587,0
2588,0
2589,0
2590,0
2591,0
2592,1
2593,0
2594,1
2595,0
2596,1
2597,1
2598,0
2599,0
2600,0
2601,1
2602,1
2603,0
2604,0
2605,0
2606,1
2607,0
2608,0
2609,1
2610,1
2611,0
2612,0
2613,0
2614,1
2615,0
2616,1
2617,0
2618,1
2619,1
2620,0
2621,1
2622,1
2623,1
2624,0
2625,1
2626,0
2627,0
2628,0
2629,1
2630,0
2631,0
2632,0
2633,0
2634,0
2635,1
2636,1
2637,1
2638,0
2639,0
2640,0
2641,0
2642,1
2643,1
2644,0
2645,1
2646,0
2647,1
2648,0
2649,1
2650,1
2651,0
2652,0
2653,1
2654,1
2655,0
2656,1
2657,1
2658,1
2659,0
2660,0
2661,1
2662,0
2663,1
2664,0
2665,0
2666,1
2667,0
2668,1
2669,1
2670,0
2671,0
2672,0
2673,0
2674,0
2675,0
2676,1
2677,1
2678,0
2679,0
2680,1
2681,0
2682,0
2683,0
2684,1
2685,1
2686,0
2687,1
2688,1
2689,0
2690,1
2691,0
2692,0
2693,0
2694,0
2695,1
2696,0
2697,0
2698,0
2699,0
2700,0
2701,1
2702,1
2703,1
2704,1
2705,1
2706,0
2707,0
2708,0
2709,1
2710,0
2711,0
2712,0
2713,1
2714,0
2715,1
2716,1
2717,1
2718,1
2719,1
2720,0
2721,0
2722,0
2723,0
2724,0
2725,1
2726,1
2727,0
2728,0
2729,0
2730,0
2731,1
2732,0
2733,0
2734,0
2735,0
2736,1
2737,1
2738,1
2739,0
2740,1
2741,1
2742,1
2743,0
2744,1
2745,0
2746,0
2747,0
2748,0
2749,0
2750,1
2751,1
2752,0
2753,0
2754,0
2755,0
2756,0
2757,0
2758,0
2759,0
2760,0
2761,0
2762,0
2763,0
2764,0
2765,0
2766,0
2767,1
2768,0
2769,0
2770,1
2771,0
2772,0
2773,1
2774,0
2775,0
2776,1
2777,1
2778,0
2779,0
2780,0
2781,1
2782,1
2783,0
2784,0
2785,0
2786,0
2787,1
2788,0
2789,0
2790,0
2791,1
2792,1
2793,0
2794,0
2795,1
2796,1
2797,0
2798,0
2799,0
2800,0
2801,0
2802,0
2803,1
2804,1
2805,0
2806,1
2807,1
2808,0
2809,1
2810,0
2811,0
2812,0
2813,1
2814,0
2815,0
2816,1
2817,0
2818,0
2819,1
2820,1
2821,1
2822,1
2823,0
2824,1
2825,1
2826,1
2827,1
2828,1
2829,0
2830,0
2831,0
2832,1
2833,0
2834,0
2835,1
2836,0
2837,1
2838,0
2839,1
2840,0
2841,1
2842,1
2843,1
2844,1
2845,0
2846,0
2847,0
2848,0
2849,0
2850,1
2851,0
2852,1
2853,0
2854,1
2855,1
2856,0
2857,0
2858,1
2859,1
2860,0
2861,1
2862,0
2863,0
2864,0
2865,1
2866,0
2867,0
2868,0
2869,0
2870,1
2871,0
2872,0
2873,0
2874,0
2875,0
2876,0
2877,0
2878,0
2879,0
2880,1
2881,1
2882,0
2883,1
2884,1
2885,0
2886,0
2887,0
2888,0
2889,1
2890,1
2891,0
2892,0
2893,0
2894,0
2895,1
2896,0
2897,0
2898,1
2899,0
2900,0
2901,0
2902,0
2903,0
2904,1
2905,1
2906,0
2907,0
2908,1
2909,0
2910,0
2911,1
2912,0
2913,1
2914,1
2915,0
2916,1
2917,0
2918,0
2919,0
2920,0
2921,0
2922,1
2923,0
2924,0
2925,0
2926,0
2927,0
2928,0
2929,1
2930,0
2931,0
2932,0
2933,1
2934,1
2935,1
2936,1
2937,0
2938,0
2939,0
2940,1
2941,1
2942,0
2943,0
2944,0
2945,0
2946,1
2947,0
2948,1
2949,1
2950,0
2951,0
2952,0
2953,0
2954,1
2955,0
2956,1
2957,1
2958,1
2959,0
2960,1
2961,1
2962,0
2963,1
2964,0
2965,0
2966,1
2967,0
2968,0
2969,0
2970,0
2971,0
2972,0
2973,1
2974,0
2975,0
2976,0
2977,1
2978,1
2979,1
2980,1
2981,0
2982,0
2983,0
2984,0
2985,0
2986,0
2987,1
2988,1
2989,0
2990,1
2991,0
2992,1
2993,0
2994,1
2995,1
2996,1
2997,0
2998,1
2999,0
3000,1
3001,0
3002,0
3003,0
3004,0
3005,0
3006,0
3007,0
3008,0
3009,1
3010,1
3011,0
3012,1
3013,0
3014,0
3015,1
3016,0
3017,1
3018,1
3019,1
3020,0
3021,0
3022,1
3023,0
3024,0
3025,0
3026,0
3027,1
3028,0
3029,0
3030,0
3031,1
3032,0
3033,1
3034,1
3035,1
3036,1
3037,0
3038,0
3039,0
3040,1
3041,0
3042,0
3043,1
3044,0
3045,1
3046,1
3047,0
3048,0
3049,1
3050,0
3051,0
3052,0
3053,0
3054,0
3055,0
3056,1
3057,1
3058,0
3059,0
3060,0
3061,1
3062,0
3063,1
3064,0
3065,0
3066,0
3067,1
3068,0
3069,0
3070,0
3071,1
3072,0
3073,1
3074,1
3075,0
3076,0
3077,0
3078,0
3079,0
3080,0
3081,0
3082,0
3083,1
3084,0
3085,0
3086,1
3087,0
3088,0
3089,0
3090,0
3091,1
3092,0
3093,1
3094,0
3095,0
3096,0
3097,1
3098,1
3099,1
3100,0
3101,1
3102,1
3103,0
3104,0
3105,0
3106,1
3107,0
3108,0
3109,1
3110,0
3111,1
3112,0
3113,0
3114,0
3115,1
3116,0
3117,1
3118,1
3119,0
3120,1
3121,0
3122,0
3123,0
3124,0
3125,0
3126,0
3127,0
3128,0
3129,0
3130,0
3131,0
3132,0
3133,0
3134,0
3135,0
3136,1
3137,0
3138,0
3139,0
3140,0
3141,1
3142,0
3143,0
3144,0
3145,0
3146,1
3147,1
3148,1
3149,0
3150,0
3151,0
3152,0
3153,0
3154,0
3155,1
3156,0
3157,1
3158,0
3159,1
3160,0
3161,0
3162,0
3163,1
3164,0
3165,1
3166,1
3167,1
3168,1
3169,0
3170,0
3171,1
3172,0
3173,0
3174,0
3175,0
3176,0
3177,0
3178,0
3179,1
3180,0
3181,0
3182,1
3183,0
3184,0
3185,0
3186,0
3187,0
3188,0
3189,1
3190,1
3191,0
3192,1
3193,1
3194,0
3195,1
3196,0
3197,0
3198,0
3199,0
3200,1
3201,0
3202,0
3203,1
3204,0
3205,1
3206,0
3207,0
3208,1
3209,0
3210,0
3211,0
3212,1
3213,0
3214,0
3215,0
3216,0
3217,0
3218,1
3219,1
3220,1
3221,1
3222,1
3223,1
3224,0
3225,0
3226,0
3227,0
3228,0
3229,0
3230,0
3231,1
3232,0
3233,1
3234,0
3235,1
3236,0
3237,0
3238,0
3239,0
3240,0
3241,0
3242,0
3243,0
3244,1
3245,0
3246,0
3247,0
3248,0
3249,0
3250,0
3251,1
3252,1
3253,1
3254,0
3255,0
3256,0
3257,1
3258,0
3259,0
3260,0
3261,1
3262,1
3263,0
3264,0
3265,1
3266,1
3267,1
3268,0
3269,0
3270,0
3271,1
3272,1
3273,0
3274,1
3275,0
3276,0
3277,0
3278,0
3279,0
3280,0
3281,1
3282,0
3283,0
3284,0
3285,0
3286,1
3287,1
3288,1
3289,0
3290,1
3291,1
3292,0
3293,0
3294,1
3295,0
3296,1
3297,1
3298,0
3299,1
3300,0
3301,1
3302,0
3303,0
3304,0
3305,0
3306,0
3307,0
3308,1
3309,1
3310,0
3311,1
3312,0
3313,0
3314,0
3315,0
3316,0
3317,0
3318,0
3319,0
3320,0
3321,0
3322,0
3323,1
3324,0
3325,0
3326,1
3327,0
3328,0
3329,0
3330,1
3331,1
3332,0
3333,1
3334,1
3335,1
3336,1
3337,1
3338,1
3339,0
3340,0
3341,0
3342,1
3343,0
3344,1
3345,0
3346,0
3347,0
3348,1
3349,0
3350,0
3351,1
3352,0
3353,1
3354,0
3355,1
3356,0
3357,1
3358,0
3359,0
3360,0
3361,1
3362,1
3363,1
3364,1
3365,0
3366,1
3367,1
3368,0
3369,0
3370,1
3371,0
3372,0
3373,0
3374,0
3375,1
3376,0
3377,1
3378,0
3379,1
3380,0
3381,0
3382,0
3383,1
3384,1
3385,1
3386,0
3387,0
3388,0
3389,0
3390,0
3391,1
3392,1
3393,0
3394,1
3395,0
3396,0
3397,0
3398,1
3399,0
3400,1
3401,0
3402,1
3403,0
3404,1
3405,0
3406,1
3407,1
3408,1
3409,1
3410,0
3411,1
3412,0
3413,1
3414,0
3415,0
3416,0
3417,0
3418,0
3419,0
3420,0
3421,0
3422,0
3423,1
3424,1
3425,1
3426,0
3427,1
3428,0
3429,1
3430,0
3431,0
3432,0
3433,0
3434,0
3435,1
3436,0
3437,0
3438,0
3439,0
3440,0
3441,0
3442,1
3443,0
3444,0
3445,0
3446,0
3447,1
3448,0
3449,0
3450,0
3451,0
3452,1
3453,1
3454,1
3455,1
3456,1
3457,0
3458,0
3459,0
3460,1
3461,0
3462,0
3463,0
3464,1
3465,0
3466,1
3467,1
3468,0
3469,0
3470,1
3471,1
3472,1
3473,0
3474,1
3475,0
3476,1
3477,0
3478,0
3479,1
3480,0
3481,1
3482,1
3483,0
3484,0
3485,0
3486,0
3487,0
3488,0
3489,0
3490,0
3491,1
3492,1
3493,0
3494,1
3495,1
3496,1
3497,1
3498,0
3499,0
3500,1
3501,0
3502,1
3503,1
3504,1
3505,0
3506,1
3507,0
3508,0
3509,0
3510,0
3511,0
3512,1
3513,1
3514,1
3515,1
3516,1
3517,0
3518,0
3519,0
3520,0
3521,1
3522,0
3523,0
3524,1
3525,1
3526,1
3527,0
3528,0
3529,1
3530,0
3531,0
3532,1
3533,0
3534,1
3535,1
3536,0
3537,1
3538,1
3539,0
3540,0
3541,1
3542,0
3543,1
3544,0
3545,0
3546,1
3547,0
3548,0
3549,0
3550,1
3551,0
3552,1
3553,0
3554,0
3555,1
3556,0
3557,1
3558,1
3559,1
3560,1
3561,1
3562,0
3563,0
3564,0
3565,1
3566,1
3567,1
3568,0
3569,0
3570,0
3571,0
3572,0
3573,0
3574,0
3575,1
3576,0
3577,1
3578,0
3579,0
3580,0
3581,1
3582,1
3583,0
3584,1
3585,0
3586,0
3587,0
3588,1
3589,1
3590,0
3591,0
3592,0
3593,0
3594,0
3595,1
3596,1
3597,1
3598,0
3599,1
3600,0
3601,0
3602,1
3603,1
3604,1
3605,1
3606,1
3607,1
3608,0
3609,1
3610,0
3611,0
3612,1
3613,1
3614,0
3615,0
3616,0
3617,0
3618,0
3619,0
3620,0
3621,1
3622,1
3623,0
3624,0
3625,0
3626,1
3627,0
3628,0
3629,0
3630,1
3631,0
3632,1
3633,1
3634,0
3635,0
3636,0
3637,1
3638,0
3639,0
3640,0
3641,1
3642,1
3643,0
3644,0
3645,0
3646,1
3647,0
3648,0
3649,0
3650,0
3651,0
3652,1
3653,0
3654,0
3655,0
3656,1
3657,1
3658,1
3659,1
3660,0
3661,0
3662,0
3663,1
3664,1
3665,0
3666,0
3667,1
3668,0
3669,1
3670,0
3671,0
3672,1
3673,0
3674,0
3675,0
3676,0
3677,0
3678,0
3679,0
3680,0
3681,1
3682,0
3683,1
3684,0
3685,1
3686,1
3687,0
3688,0
3689,1
3690,1
3691,0
3692,0
3693,1
3694,0
3695,0
3696,0
3697,0
3698,0
3699,0
3700,1
3701,0
3702,0
3703,0
3704,1
3705,1
3706,1
3707,1
3708,1
3709,0
3710,0
3711,1
3712,1
3713,1
3714,0
3715,0
3716,1
3717,0
3718,0
3719,1
3720,0
3721,1
3722,1
3723,0
3724,0
3725,0
3726,1
3727,0
3728,0
3729,0
3730,0
3731,0
3732,0
3733,0
3734,1
3735,0
3736,1
3737,1
3738,0
3739,0
3740,1
3741,0
3742,0
3743,0
3744,1
3745,0
3746,0
3747,0
3748,1
3749,1
3750,0
3751,0
3752,1
3753,0
3754,0
3755,0
3756,1
3757,1
3758,0
3759,1
3760,0
3761,0
3762,1
3763,0
3764,1
3765,0
3766,1
3767,0
3768,0
3769,1
3770,0
3771,0
3772,0
3773,0
3774,1
3775,1
3776,1
3777,1
3778,0
3779,0
3780,0
3781,0
3782,0
3783,0
3784,0
3785,0
3786,1
3787,0
3788,1
3789,0
3790,1
3791,0
3792,1
3793,1
3794,1
3795,1
3796,1
3797,0
3798,1
3799,0
3800,0
3801,0
3802,0
3803,0
3804,0
3805,1
3806,1
3807,1
3808,1
3809,1
3810,1
3811,1
3812,1
3813,0
3814,0
3815,0
3816,0
3817,1
3818,0
3819,0
3820,1
3821,0
3822,0
3823,1
3824,0
3825,0
3826,1
3827,0
3828,0
3829,0
3830,1
3831,1
3832,0
3833,0
3834,0
3835,0
3836,1
3837,0
3838,0
3839,1
3840,0
3841,1
3842,1
3843,1
3844,0
3845,0
3846,0
3847,0
3848,0
3849,0
3850,0
3851,0
3852,0
3853,1
3854,1
3855,0
3856,1
3857,1
3858,0
3859,0
3860,1
3861,0
3862,0
3863,0
3864,0
3865,0
3866,0
3867,0
3868,1
3869,0
3870,1
3871,1
3872,0
3873,0
3874,1
3875,0
3876,0
3877,1
3878,0
3879,0
3880,1
3881,0
3882,1
3883,1
3884,0
3885,1
3886,1
3887,1
3888,0
3889,1
3890,0
3891,1
3892,0
3893,0
3894,0
3895,1
3896,1
3897,0
3898,0
3899,0
3900,0
3901,1
3902,0
3903,0
3904,1
3905,0
3906,0
3907,1
3908,0
3909,1
3910,0
3911,0
3912,0
3913,0
3914,0
3915,1
3916,0
3917,0
3918,0
3919,0
3920,0
3921,0
3922,0
3923,1
3924,0
3925,0
3926,1
3927,1
3928,0
3929,0
3930,0
3931,0
3932,0
3933,1
3934,1
3935,0
3936,0
3937,0
3938,1
3939,1
3940,1
3941,0
3942,0
3943,0
3944,0
3945,0
3946,0
3947,0
3948,0
3949,0
3950,0
3951,1
3952,0
3953,1
3954,0
3955,1
3956,0
3957,0
3958,0
3959,0
3960,1
3961,1
3962,1
3963,1
3964,0
3965,0
3966,0
3967,0
3968,0
3969,0
3970,0
3971,0
3972,0
3973,1
3974,0
3975,1
3976,0
3977,1
3978,1
3979,1
3980,1
3981,1
3982,0
3983,0
3984,0
3985,0
3986,0
3987,1
3988,0
3989,0
3990,0
3991,1
3992,0
3993,1
3994,0
3995,1
3996,0
3997,1
3998,1
3999,0
4000,1
4001,0
4002,1
4003,1
4004,0
4005,0
4006,0
4007,0
4008,0
4009,0
4010,1
4011,1
4012,1
4013,1
4014,1
4015,0
4016,0
4017,0
4018,0
4019,0
4020,1
4021,0
4022,0
4023,0
4024,0
4025,0
4026,1
4027,0
4028,0
4029,1
4030,1
4031,1
4032,0
4033,0
4034,0
4035,0
4036,1
4037,0
4038,0
4039,0
4040,0
4041,1
4042,1
4043,0
4044,1
4045,0
4046,1
4047,0
4048,1
4049,0
4050,0
4051,0
4052,0
4053,0
4054,1
4055,0
4056,1
4057,0
4058,0
4059,1
4060,0
4061,1
4062,0
4063,1
4064,0
4065,0
4066,0
4067,0
4068,0
4069,0
4070,0
4071,1
4072,0
4073,0
4074,0
4075,1
4076,0
4077,1
4078,0
4079,1
4080,1
4081,1
4082,0
4083,0
4084,0
4085,1
4086,1
4087,1
4088,1
4089,0
4090,1
4091,1
4092,0
4093,1
4094,0
4095,1
4096,0
4097,0
4098,0
4099,0
4100,0
4101,0
4102,0
4103,1
4104,0
4105,1
4106,1
4107,0
4108,0
4109,1
4110,0
4111,1
4112,0
4113,1
4114,0
4115,0
4116,0
4117,0
4118,0
4119,1
4120,1
4121,1
4122,0
4123,1
4124,1
4125,0
4126,0
4127,0
4128,1
4129,1
4130,0
4131,0
4132,1
4133,0
4134,1
4135,1
4136,0
4137,0
4138,0
4139,0
4140,0
4141,1
4142,0
4143,0
4144,1
4145,0
4146,0
4147,1
4148,1
4149,0
4150,1
4151,0
4152,0
4153,0
4154,0
4155,1
4156,0
4157,1
4158,0
4159,1
4160,0
4161,1
4162,0
4163,1
4164,0
4165,0
4166,0
4167,1
4168,1
4169,0
4170,0
4171,0
4172,1
4173,1
4174,0
4175,1
4176,0
4177,0
4178,0
4179,0
4180,0
4181,0
4182,1
4183,1
4184,0
4185,0
4186,0
4187,1
4188,0
4189,0
4190,0
4191,0
4192,0
4193,1
4194,0
4195,0
4196,1
4197,1
4198,0
4199,1
4200,1
4201,1
4202,1
4203,0
4204,1
4205,1
4206,1
4207,0
4208,0
4209,0
4210,1
4211,0
4212,0
4213,0
4214,1
4215,0
4216,0
4217,0
4218,0
4219,0
4220,1
4221,0
4222,0
4223,1
4224,0
4225,1
4226,1
4227,1
4228,0
4229,0
4230,1
4231,0
4232,0
4233,0
4234,0
4235,1
4236,1
4237,0
4238,1
4239,0
4240,0
4241,0
4242,0
4243,0
4244,1
4245,1
4246,1
4247,1
4248,0
4249,1
4250,0
4251,1
4252,1
4253,0
4254,0
4255,0
4256,0
4257,1
4258,0
4259,0
4260,0
4261,1
4262,1
4263,0
4264,0
4265,1
4266,1
4267,0
4268,1
4269,0
4270,0
4271,0
4272,1
4273,0
4274,0
4275,0
4276,0
4277,1
4278,1
4279,0
4280,1
4281,1
4282,0
4283,1
4284,0
4285,0
4286,0
4287,0
4288,1
4289,0
4290,0
4291,0
4292,0
4293,0
4294,0
4295,0
4296,1
4297,0
4298,1
4299,0
4300,0
4301,1
4302,1
4303,0
4304,0
4305,1
4306,0
4307,0
4308,1
4309,1
4310,1
4311,0
4312,1
4313,0
4314,0
4315,0
4316,0
4317,0
4318,0
4319,1
4320,0
4321,1
4322,1
4323,0
4324,1
4325,1
4326,0
4327,1
4328,0
4329,1
4330,0
4331,1
4332,1
4333,0
4334,1
4335,0
4336,0
4337,1
4338,0
4339,0
4340,1
4341,0
4342,0
4343,0
4344,1
4345,1
4346,1
4347,1
4348,0
4349,0
4350,1
4351,0
4352,0
4353,1
4354,1
4355,1
4356,0
4357,1
4358,1
4359,0
4360,1
4361,1
4362,1
4363,1
4364,1
4365,1
4366,1
4367,0
4368,1
4369,1
4370,0
4371,0
4372,0
4373,1
4374,0
4375,1
4376,0
4377,0
4378,0
4379,0
4380,0
4381,1
4382,0
4383,0
4384,0
4385,0
4386,0
4387,0
4388,0
4389,0
4390,0
4391,1
4392,0
4393,0
4394,0
4395,0
4396,0
4397,0
4398,0
4399,0
4400,1
4401,0
4402,0
4403,0
4404,0
4405,0
4406,1
4407,0
4408,1
4409,1
4410,1
4411,0
4412,0
4413,0
4414,1
4415,0
4416,1
4417,1
4418,1
4419,0
4420,0
4421,0
4422,1
4423,0
4424,0
4425,1
4426,0
4427,0
4428,0
4429,1
4430,1
4431,1
4432,0
4433,1
4434,1
4435,0
4436,0
4437,1
4438,1
4439,0
4440,0
4441,0
4442,1
4443,0
4444,0
4445,1
4446,0
4447,0
4448,1
4449,1
4450,0
4451,1
4452,0
4453,1
4454,1
4455,1
4456,1
4457,0
4458,0
4459,0
4460,1
4461,1
4462,1
4463,0
4464,1
4465,1
4466,1
4467,0
4468,0
4469,0
4470,0
4471,0
4472,0
4473,0
4474,0
4475,0
4476,0
4477,0
4478,1
4479,1
4480,0
4481,1
4482,0
4483,0
4484,0
4485,0
4486,0
4487,0
4488,0
4489,0
4490,0
4491,0
4492,0
4493,0
4494,1
4495,0
4496,0
4497,0
4498,1
4499,0
4500,0
4501,0
4502,0
4503,1
4504,0
4505,0
4506,1
4507,1
4508,1
4509,0
4510,1
4511,0
4512,0
4513,0
4514,0
4515,0
4516,1
4517,0
4518,0
4519,0
4520,0
4521,0
4522,0
4523,1
4524,0
4525,0
4526,0
4527,1
4528,1
4529,1
4530,0
4531,0
4532,1
4533,1
4534,1
4535,1
4536,1
4537,0
4538,0
4539,1
4540,1
4541,0
4542,0
4543,0
4544,0
4545,1
4546,1
4547,0
4548,1
4549,0
4550,0
4551,0
4552,1
4553,0
4554,1
4555,1
4556,0
4557,1
4558,0
4559,0
4560,1
4561,1
4562,0
4563,0
4564,0
4565,0
4566,0
4567,0
4568,0
4569,0
4570,0
4571,1
4572,1
4573,0
4574,0
4575,1
4576,0
4577,0
4578,1
4579,0
4580,0
4581,1
4582,0
4583,1
4584,1
4585,0
4586,0
4587,0
4588,1
4589,1
4590,1
4591,0
4592,0
4593,1
4594,0
4595,0
4596,0
4597,0
4598,1
4599,0
4600,0
4601,0
4602,1
4603,1
4604,1
4605,0
4606,0
4607,0
4608,1
4609,0
4610,0
4611,1
4612,0
4613,0
4614,1
4615,0
4616,1
4617,0
4618,0
4619,0
4620,1
4621,1
4622,0
4623,0
4624,0
4625,1
4626,1
4627,0
4628,0
4629,0
4630,0
4631,1
4632,1
4633,1
4634,1
4635,0
4636,1
4637,1
4638,1
4639,1
4640,0
4641,1
4642,0
4643,0
4644,1
4645,1
4646,0
4647,1
4648,1
4649,1
4650,0
4651,0
4652,1
4653,0
4654,1
4655,1
4656,1
4657,0
4658,1
4659,0
4660,1
4661,0
4662,1
4663,1
4664,0
4665,0
4666,1
4667,1
4668,1
4669,0
4670,0
4671,1
4672,0
4673,0
4674,0
4675,0
4676,0
4677,0
4678,0
4679,1
4680,1
4681,0
4682,0
4683,0
4684,0
4685,1
4686,0
4687,1
4688,0
4689,1
4690,1
4691,1
4692,0
4693,0
4694,1
4695,1
4696,1
4697,1
4698,0
4699,1
4700,1
4701,0
4702,0
4703,0
4704,1
4705,1
4706,0
4707,0
4708,0
4709,1
4710,0
4711,0
4712,1
4713,0
4714,0
4715,0
4716,0
4717,1
4718,0
4719,0
4720,1
4721,0
4722,0
4723,0
4724,1
4725,0
4726,0
4727,0
4728,1
4729,0
4730,0
4731,0
4732,1
4733,1
4734,1
4735,1
4736,0
4737,0
4738,1
4739,0
4740,0
4741,0
4742,0
4743,0
4744,0
4745,1
4746,1
4747,1
4748,1
4749,1
4750,0
4751,0
4752,0
4753,0
4754,0
4755,1
4756,0
4757,1
4758,0
4759,0
4760,1
4761,0
4762,1
4763,1
4764,0
4765,1
4766,0
4767,0
4768,0
4769,0
4770,0
4771,0
4772,1
4773,0
4774,1
4775,0
4776,0
4777,1
4778,1
4779,1
4780,0
4781,1
4782,0
4783,1
4784,1
4785,1
4786,1
4787,1
4788,0
4789,0
4790,0
4791,0
4792,0
4793,0
4794,1
4795,0
4796,1
4797,0
4798,0
4799,0
4800,0
4801,0
4802,0
4803,0
4804,0
4805,0
4806,0
4807,1
4808,1
4809,0
4810,0
4811,1
4812,0
4813,0
4814,0
4815,0
4816,1
4817,0
4818,0
4819,0
4820,1
4821,1
4822,0
4823,0
4824,0
4825,0
4826,0
4827,1
4828,0
4829,0
4830,0
4831,0
4832,0
4833,0
4834,1
4835,0
4836,0
4837,0
4838,1
4839,0
4840,0
4841,1
4842,1
4843,0
4844,1
4845,1
4846,0
4847,0
4848,1
4849,0
4850,0
4851,0
4852,1
4853,0
4854,0
4855,0
4856,1
4857,1
4858,0
4859,0
4860,0
4861,0
4862,1
4863,0
4864,1
4865,1
4866,0
4867,0
4868,0
4869,0
4870,0
4871,1
4872,0
4873,1
4874,0
4875,0
4876,0
4877,0
4878,0
4879,1
4880,0
4881,1
4882,0
4883,0
4884,0
4885,1
4886,0
4887,1
4888,1
4889,0
4890,1
4891,0
4892,0
4893,0
4894,0
4895,0
4896,0
4897,0
4898,0
4899,1
4900,1
4901,0
4902,0
4903,0
4904,0
4905,1
4906,1
4907,0
4908,1
4909,0
4910,0
4911,0
4912,1
4913,0
4914,0
4915,0
4916,0
4917,0
4918,0
4919,1
4920,1
4921,1
4922,1
4923,0
4924,0
4925,1
4926,1
4927,0
4928,1
4929,0
4930,1
4931,0
4932,0
4933,1
4934,1
4935,0
4936,0
4937,0
4938,0
4939,0
4940,0
4941,1
4942,1
4943,0
4944,1
4945,0
4946,0
4947,1
4948,1
4949,1
4950,0
4951,0
4952,0
4953,0
4954,0
4955,0
4956,0
4957,0
4958,1
4959,0
4960,1
4961,1
4962,1
4963,0
4964,0
4965,0
4966,0
4967,0
4968,0
4969,0
4970,1
4971,0
4972,0
4973,0
4974,1
4975,0
4976,1
4977,1
4978,1
4979,0
4980,1
4981,0
4982,0
4983,1
4984,0
4985,0
4986,0
4987,1
4988,0
4989,0
4990,0
4991,1
4992,1
4993,1
4994,0
4995,0
4996,1
4997,0
4998,0
4999,1
5000,0
5001,0
5002,0
5003,0
5004,0
5005,0
5006,0
5007,1
5008,1
5009,0
5010,0
5011,1
5012,0
5013,0
5014,0
5015,0
5016,1
5017,1
5018,1
5019,0
5020,1
5021,0
5022,0
5023,1
5024,0
5025,0
5026,0
5027,0
5028,0
5029,1
5030,0
5031,0
5032,1
5033,1
5034,1
5035,0
5036,0
5037,0
5038,1
5039,0
5040,1
5041,0
5042,0
5043,0
5044,0
5045,0
5046,0
5047,1
5048,1
5049,0
5050,1
5051,1
5052,0
5053,0
5054,1
5055,1
5056,0
5057,1
5058,0
5059,0
5060,0
5061,1
5062,0
5063,1
5064,1
5065,0
5066,0
5067,0
5068,1
5069,0
5070,1
5071,1
5072,0
5073,0
5074,0
5075,0
5076,0
5077,0
5078,0
5079,0
5080,1
5081,0
5082,0
5083,0
5084,0
5085,1
5086,0
5087,0
5088,1
5089,0
5090,0
5091,1
5092,1
5093,0
5094,0
5095,0
5096,0
5097,0
5098,1
5099,0
5100,1
5101,0
5102,0
5103,0
5104,0
5105,0
5106,1
5107,1
5108,1
5109,1
5110,0
5111,0
5112,0
5113,1
5114,0
5115,1
5116,0
5117,0
5118,0
5119,0
5120,0
5121,0
5122,0
5123,0
5124,1
5125,0
5126,0
5127,0
5128,0
5129,0
5130,0
5131,0
5132,1
5133,0
5134,0
5135,0
5136,0
5137,0
5138,1
5139,0
5140,1
5141,0
5142,0
5143,1
5144,0
5145,0
5146,1
5147,1
5148,1
5149,1
5150,1
5151,1
5152,0
5153,0
5154,0
5155,0
5156,1
5157,1
5158,1
5159,0
5160,1
5161,1
5162,1
5163,1
5164,0
5165,0
5166,0
5167,0
5168,1
5169,0
5170,0
5171,0
5172,0
5173,1
5174,0
5175,1
5176,1
5177,0
5178,0
5179,1
5180,0
5181,1
5182,1
5183,0
5184,0
5185,0
5186,1
5187,1
5188,0
5189,0
5190,0
5191,0
5192,1
5193,0
5194,1
5195,0
5196,1
5197,1
5198,1
5199,1
5200,0
5201,0
5202,0
5203,1
5204,0
5205,1
5206,0
5207,0
5208,0
5209,1
5210,0
5211,1
5212,0
5213,1
5214,0
5215,1
5216,0
5217,1
5218,0
5219,0
5220,1
5221,1
5222,1
5223,0
5224,0
5225,0
5226,0
5227,1
5228,0
5229,1
5230,0
5231,1
5232,0
5233,1
5234,1
5235,1
5236,0
5237,1
5238,0
5239,0
5240,0
5241,0
5242,0
5243,0
5244,0
5245,0
5246,0
5247,0
5248,0
5249,0
5250,0
5251,0
5252,1
5253,1
5254,0
5255,1
5256,0
5257,0
5258,1
5259,0
5260,0
5261,1
5262,0
5263,0
5264,1
5265,1
5266,0
5267,0
5268,0
5269,0
5270,0
5271,0
5272,0
5273,0
5274,0
5275,0
5276,0
5277,1
5278,1
5279,0
5280,0
5281,0
5282,0
5283,0
5284,0
5285,1
5286,0
5287,1
5288,0
5289,0
5290,0
5291,1
5292,0
5293,0
5294,1
5295,0
5296,1
5297,1
5298,1
5299,1
5300,1
5301,1
5302,1
5303,1
5304,1
5305,0
5306,1
5307,1
5308,0
5309,1
5310,1
5311,0
5312,0
5313,0
5314,1
5315,1
5316,0
5317,0
5318,0
5319,0
5320,1
5321,0
5322,0
5323,1
5324,1
5325,0
5326,0
5327,0
5328,1
5329,0
5330,1
5331,0
5332,1
5333,0
5334,1
5335,0
5336,0
5337,1
5338,0
5339,1
5340,0
5341,0
5342,0
5343,0
5344,0
5345,1
5346,0
5347,1
5348,1
5349,0
5350,0
5351,1
5352,0
5353,0
5354,0
5355,0
5356,0
5357,0
5358,1
5359,0
5360,0
5361,1
5362,1
5363,0
5364,0
5365,1
5366,1
5367,0
5368,0
5369,0
5370,0
5371,1
5372,1
5373,1
5374,0
5375,0
5376,0
5377,1
5378,0
5379,0
5380,0
5381,0
5382,1
5383,0
5384,1
5385,0
5386,1
5387,0
5388,1
5389,0
5390,1
5391,0
5392,1
5393,0
5394,0
5395,1
5396,0
5397,0
5398,0
5399,1
5400,0
5401,0
5402,0
5403,0
5404,0
5405,1
5406,0
5407,1
5408,1
5409,1
5410,0
5411,0
5412,0
5413,0
5414,0
5415,1
5416,0
5417,1
5418,0
5419,1
5420,1
5421,0
5422,1
5423,0
5424,0
5425,1
5426,0
5427,0
5428,0
5429,1
5430,0
5431,0
5432,0
5433,1
5434,1
5435,0
5436,0
5437,0
5438,1
5439,1
5440,1
5441,0
5442,0
5443,1
5444,1
5445,0
5446,0
5447,0
5448,0
5449,0
5450,1
5451,0
5452,1
5453,0
5454,0
5455,0
5456,1
5457,0
5458,1
5459,1
5460,0
5461,0
5462,0
5463,0
5464,0
5465,0
5466,1
5467,0
5468,0
5469,0
5470,1
5471,1
5472,1
5473,0
5474,1
5475,1
5476,0
5477,1
5478,0
5479,0
5480,1
5481,1
5482,0
5483,0
5484,1
5485,0
5486,0
5487,1
5488,1
5489,0
5490,0
5491,1
5492,0
5493,1
5494,1
5495,0
5496,0
5497,1
5498,0
5499,0
5500,0
5501,1
5502,0
5503,1
5504,1
5505,1
5506,1
5507,0
5508,0
5509,0
5510,1
5511,1
5512,0
5513,1
5514,0
5515,0
5516,0
5517,0
5518,0
5519,1
5520,0
5521,1
5522,0
5523,0
5524,1
5525,0
5526,1
5527,0
5528,0
5529,1
5530,1
5531,0
5532,0
5533,0
5534,0
5535,1
5536,0
5537,0
5538,1
5539,0
5540,0
5541,1
5542,0
5543,0
5544,0
5545,1
5546,0
5547,0
5548,1
5549,0
5550,0
5551,0
5552,1
5553,0
5554,0
5555,0
5556,0
5557,0
5558,0
5559,1
5560,1
5561,1
5562,1
5563,0
5564,0
5565,1
5566,1
5567,0
5568,0
5569,0
5570,0
5571,1
5572,0
5573,0
5574,1
5575,0
5576,0
5577,0
5578,0
5579,1
5580,0
5581,0
5582,1
5583,0
5584,0
5585,0
5586,0
5587,0
5588,0
5589,1
5590,0
5591,0
5592,1
5593,1
5594,0
5595,0
5596,0
5597,0
5598,0
5599,1
5600,0
5601,0
5602,0
5603,0
5604,1
5605,1
5606,0
5607,0
5608,1
5609,0
5610,1
5611,1
5612,0
5613,1
5614,1
5615,0
5616,1
5617,0
5618,1
5619,0
5620,0
5621,1
5622,0
5623,1
5624,0
5625,1
5626,0
5627,0
5628,0
5629,1
5630,1
5631,0
5632,0
5633,1
5634,0
5635,0
5636,1
5637,1
5638,0
5639,0
5640,1
5641,1
5642,0
5643,0
5644,0
5645,1
5646,0
5647,0
5648,1
5649,0
5650,1
5651,0
5652,0
5653,1
5654,1
5655,0
5656,1
5657,0
5658,1
5659,1
5660,1
5661,1
5662,1
5663,0
5664,0
5665,0
5666,1
5667,0
5668,1
5669,1
5670,0
5671,0
5672,0
5673,0
5674,1
5675,1
5676,0
5677,0
5678,0
5679,0
5680,1
5681,0
5682,1
5683,0
5684,0
5685,0
5686,0
5687,0
5688,1
5689,0
5690,0
5691,0
5692,1
5693,1
5694,1
5695,0
5696,1
5697,0
5698,1
5699,0
5700,0
5701,1
5702,1
5703,0
5704,0
5705,0
5706,0
5707,0
5708,1
5709,0
5710,1
5711,1
5712,0
5713,0
5714,1
5715,0
5716,1
5717,1
5718,0
5719,0
5720,0
5721,1
5722,0
5723,1
5724,0
5725,0
5726,0
5727,1
5728,0
5729,1
5730,0
5731,1
5732,0
5733,0
5734,1
5735,1
5736,0
5737,0
5738,1
5739,0
5740,0
5741,0
5742,1
5743,0
5744,0
5745,0
5746,0
5747,1
5748,0
5749,0
5750,1
5751,0
5752,1
5753,1
5754,0
5755,1
5756,0
5757,0
5758,0
5759,0
5760,1
5761,0
5762,1
5763,0
5764,1
5765,0
5766,1
5767,0
5768,0
5769,1
5770,1
5771,1
5772,0
5773,0
5774,1
5775,0
5776,0
5777,0
5778,0
5779,1
5780,0
5781,0
5782,0
5783,0
5784,0
5785,0
5786,1
5787,1
5788,0
5789,1
5790,1
5791,0
5792,1
5793,1
5794,1
5795,0
5796,0
5797,0
5798,0
5799,0
5800,0
5801,0
5802,1
5803,1
5804,0
5805,1
5806,0
5807,0
5808,1
5809,0
5810,0
5811,1
5812,1
5813,0
5814,1
5815,0
5816,0
5817,0
5818,0
5819,0
5820,0
5821,0
5822,1
5823,1
5824,1
5825,0
5826,0
5827,0
5828,1
5829,0
5830,1
5831,1
5832,1
5833,0
5834,1
5835,0
5836,0
5837,0
5838,0
5839,0
5840,1
5841,0
5842,1
5843,1
5844,0
5845,0
5846,1
5847,1
5848,1
5849,0
5850,1
5851,1
5852,1
5853,1
5854,0
5855,0
5856,0
5857,1
5858,0
5859,0
5860,0
5861,1
5862,1
5863,0
5864,1
5865,0
5866,1
5867,1
5868,0
5869,0
5870,1
5871,1
5872,1
5873,0
5874,1
5875,0
5876,1
5877,0
5878,1
5879,1
5880,1
5881,0
5882,0
5883,0
5884,1
5885,0
5886,0
5887,0
5888,0
5889,0
5890,0
5891,1
5892,0
5893,0
5894,1
5895,1
5896,0
5897,1
5898,1
5899,0
5900,0
5901,0
5902,0
5903,0
5904,0
5905,0
5906,0
5907,0
5908,0
5909,1
5910,1
5911,1
5912,0
5913,0
5914,0
5915,0
5916,0
5917,1
5918,0
5919,0
5920,1
5921,1
5922,1
5923,1
5924,0
5925,1
5926,0
5927,1
5928,1
5929,0
5930,1
5931,1
5932,0
5933,1
5934,0
5935,1
5936,0
5937,1
5938,1
5939,0
5940,1
5941,1
5942,1
5943,0
5944,0
5945,0
5946,1
5947,0
5948,0
5949,0
5950,0
5951,0
5952,0
5953,0
5954,0
5955,0
5956,0
5957,0
5958,1
5959,0
5960,0
5961,0
5962,0
5963,1
5964,1
5965,0
5966,0
5967,1
5968,0
5969,0
5970,0
5971,1
5972,1
5973,0
5974,0
5975,1
5976,0
5977,1
5978,0
5979,1
5980,0
5981,1
5982,0
5983,0
5984,0
5985,0
5986,0
5987,1
5988,1
5989,1
5990,1
5991,0
5992,1
5993,1
5994,1
5995,0
5996,0
5997,1
5998,0
5999,0
6000,1
6001,0
6002,1
6003,0
6004,0
6005,1
6006,0
6007,0
6008,1
6009,1
6010,0
6011,0
6012,1
6013,0
6014,0
6015,0
6016,0
6017,1
6018,1
6019,0
6020,0
6021,0
6022,0
6023,0
6024,0
6025,1
6026,1
6027,0
6028,0
6029,0
6030,0
6031,1
6032,1
6033,0
6034,0
6035,1
6036,0
6037,0
6038,1
6039,0
6040,0
6041,0
6042,1
6043,1
6044,0
6045,1
6046,1
6047,0
6048,0
6049,0
6050,0
6051,1
6052,0
6053,1
6054,0
6055,0
6056,0
6057,1
6058,0
6059,0
6060,0
6061,0
6062,0
6063,0
6064,0
6065,0
6066,0
6067,1
6068,1
6069,1
6070,0
6071,0
6072,1
6073,1
6074,1
6075,1
6076,0
6077,1
6078,0
6079,0
6080,0
6081,0
6082,0
6083,0
6084,0
6085,1
6086,0
6087,0
6088,0
6089,1
6090,1
6091,1
6092,0
6093,0
6094,0
6095,0
6096,1
6097,0
6098,1
6099,1
6100,1
6101,0
6102,1
6103,0
6104,0
6105,0
6106,0
6107,0
6108,0
6109,1
6110,1
6111,1
6112,1
6113,1
6114,0
6115,0
6116,0
6117,1
6118,0
6119,1
6120,1
6121,0
6122,0
6123,0
6124,0
6125,0
6126,0
6127,1
6128,0
6129,1
6130,0
6131,1
6132,0
6133,1
6134,1
6135,0
6136,1
6137,0
6138,1
6139,0
6140,0
6141,0
6142,0
6143,0
6144,0
6145,0
6146,0
6147,1
6148,1
6149,0
6150,0
6151,0
6152,1
6153,0
6154,0
6155,0
6156,1
6157,1
6158,0
6159,0
6160,0
6161,0
6162,1
6163,1
6164,1
6165,1
6166,1
6167,0
6168,0
6169,1
6170,1
6171,0
6172,0
6173,1
6174,1
6175,0
6176,1
6177,0
6178,0
6179,1
6180,1
6181,0
6182,0
6183,0
6184,0
6185,0
6186,1
6187,0
6188,0
6189,0
6190,1
6191,1
6192,0
6193,0
6194,1
6195,1
6196,0
6197,1
6198,1
6199,1
6200,0
6201,0
6202,1
6203,0
6204,0
6205,1
6206,1
6207,0
6208,0
6209,0
6210,0
6211,0
6212,0
6213,1
6214,0
6215,0
6216,1
6217,0
6218,1
6219,1
6220,0
6221,1
6222,0
6223,0
6224,1
6225,0
6226,0
6227,1
6228,0
6229,1
6230,0
6231,0
6232,0
6233,0
6234,1
6235,0
6236,1
6237,0
6238,1
6239,0
6240,0
6241,0
6242,1
6243,0
6244,1
6245,0
6246,1
6247,0
6248,0
6249,1
6250,1
6251,1
6252,1
6253,0
6254,1
6255,1
6256,1
6257,1
6258,0
6259,0
6260,1
6261,0
6262,0
6263,1
6264,1
6265,1
6266,0
6267,0
6268,1
6269,0
6270,1
6271,1
6272,0
6273,1
6274,1
6275,0
6276,0
6277,0
6278,1
6279,1
6280,0
6281,1
6282,0
6283,0
6284,0
6285,0
6286,0
6287,1
6288,0
6289,1
6290,0
6291,0
6292,1
6293,0
6294,1
6295,1
6296,1
6297,1
6298,0
6299,0
6300,1
6301,0
6302,0
6303,0
6304,1
6305,0
6306,1
6307,0
6308,0
6309,0
6310,0
6311,0
6312,0
6313,0
6314,1
6315,0
6316,0
6317,1
6318,0
6319,1
6320,1
6321,0
6322,0
6323,1
6324,1
6325,0
6326,0
6327,1
6328,1
6329,1
6330,1
6331,0
6332,1
6333,1
6334,1
6335,0
6336,0
6337,1
6338,1
6339,0
6340,0
6341,1
6342,0
6343,0
6344,0
6345,1
6346,0
6347,0
6348,0
6349,0
6350,0
6351,1
6352,0
6353,1
6354,0
6355,1
6356,0
6357,1
6358,0
6359,0
6360,1
6361,0
6362,0
6363,1
6364,1
6365,0
6366,0
6367,0
6368,0
6369,0
6370,1
6371,1
6372,1
6373,1
6374,0
6375,0
6376,1
6377,1
6378,0
6379,0
6380,0
6381,0
6382,0
6383,0
6384,0
6385,0
6386,0
6387,1
6388,1
6389,0
6390,1
6391,0
6392,0
6393,1
6394,1
6395,0
6396,0
6397,1
6398,1
6399,1
6400,1
6401,0
6402,1
6403,1
6404,0
6405,0
6406,1
6407,0
6408,1
6409,0
6410,1
6411,1
6412,1
6413,1
6414,0
6415,0
6416,1
6417,0
6418,0
6419,1
6420,0
6421,0
6422,0
6423,0
6424,0
6425,0
6426,0
6427,1
6428,0
6429,0
6430,0
6431,1
6432,1
6433,0
6434,0
6435,1
6436,0
6437,1
6438,1
6439,0
6440,1
6441,0
6442,0
6443,0
6444,1
6445,1
6446,1
6447,0
6448,1
6449,0
6450,1
6451,0
6452,0
6453,1
6454,0
6455,0
6456,0
6457,1
6458,1
6459,1
6460,0
6461,1
6462,0
6463,0
6464,0
6465,1
6466,0
6467,0
6468,1
6469,0
6470,1
6471,0
6472,0
6473,1
6474,1
6475,1
6476,1
6477,0
6478,0
6479,0
6480,1
6481,0
6482,1
6483,0
6484,1
6485,1
6486,0
6487,0
6488,0
6489,1
6490,1
6491,0
6492,0
6493,0
6494,0
6495,0
6496,0
6497,1
6498,0
6499,1
6500,1
6501,1
6502,1
6503,0
6504,1
6505,1
6506,1
6507,0
6508,1
6509,0
6510,0
6511,0
6512,0
6513,1
6514,1
6515,1
6516,0
6517,0
6518,0
6519,0
6520,0
6521,0
6522,0
6523,1
6524,0
6525,1
6526,1
6527,0
6528,0
6529,1
6530,0
6531,0
6532,1
6533,0
6534,1
6535,1
6536,1
6537,1
6538,0
6539,1
6540,1
6541,1
6542,1
6543,0
6544,0
6545,0
6546,0
6547,0
6548,1
6549,0
6550,0
6551,1
6552,0
6553,0
6554,0
6555,0
6556,0
6557,1
6558,0
6559,0
6560,0
6561,0
6562,0
6563,0
6564,0
6565,0
6566,0
6567,0
6568,1
6569,0
6570,0
6571,1
6572,1
6573,1
6574,0
6575,1
6576,1
6577,0
6578,0
6579,0
6580,0
6581,0
6582,0
6583,1
6584,0
6585,0
6586,0
6587,0
6588,1
6589,1
6590,1
6591,0
6592,1
6593,0
6594,1
6595,1
6596,1
6597,0
6598,0
6599,0
6600,0
6601,0
6602,0
6603,0
6604,0
6605,1
6606,1
6607,1
6608,0
6609,1
6610,1
6611,0
6612,0
6613,1
6614,0
6615,0
6616,0
6617,0
6618,1
6619,1
6620,0
6621,0
6622,0
6623,1
6624,1
6625,0
6626,0
6627,0
6628,0
6629,1
6630,0
6631,1
6632,1
6633,1
6634,0
6635,0
6636,0
6637,0
6638,1
6639,0
6640,0
6641,0
6642,1
6643,1
6644,0
6645,0
6646,0
6647,1
6648,1
6649,1
6650,0
6651,0
6652,0
6653,0
6654,1
6655,0
6656,1
6657,0
6658,0
6659,1
6660,0
6661,0
6662,0
6663,0
6664,0
6665,0
6666,0
6667,1
6668,1
6669,0
6670,1
6671,0
6672,1
6673,1
6674,1
6675,1
6676,0
6677,0
6678,0
6679,1
6680,0
6681,0
6682,0
6683,1
6684,0
6685,1
6686,1
6687,0
6688,0
6689,1
6690,1
6691,0
6692,0
6693,1
6694,0
6695,1
6696,1
6697,0
6698,0
6699,1
6700,0
6701,0
6702,1
6703,0
6704,0
6705,1
6706,1
6707,0
6708,1
6709,1
6710,0
6711,1
6712,0
6713,0
6714,0
6715,0
6716,0
6717,1
6718,0
6719,1
6720,0
6721,1
6722,0
6723,1
6724,0
6725,0
6726,0
6727,1
6728,1
6729,0
6730,0
6731,1
6732,0
6733,0
6734,1
6735,0
6736,0
6737,0
6738,0
6739,0
6740,1
6741,1
6742,0
6743,1
6744,0
6745,0
6746,0
6747,0
6748,1
6749,0
6750,1
6751,0
6752,0
6753,0
6754,0
6755,0
6756,1
6757,0
6758,0
6759,0
6760,1
6761,1
6762,0
6763,0
6764,0
6765,0
6766,1
6767,1
6768,0
6769,0
6770,1
6771,1
6772,0
6773,0
6774,0
6775,0
6776,0
6777,1
6778,0
6779,1
6780,0
6781,1
6782,0
6783,1
6784,1
6785,0
6786,0
6787,1
6788,1
6789,1
6790,1
6791,1
6792,0
6793,0
6794,0
6795,0
6796,0
6797,0
6798,0
6799,1
6800,0
6801,0
6802,0
6803,1
6804,1
6805,0
6806,1
6807,1
6808,0
6809,0
6810,1
6811,0
6812,0
6813,0
6814,1
6815,0
6816,0
6817,1
6818,0
6819,0
6820,0
6821,1
6822,0
6823,0
6824,0
6825,1
6826,1
6827,1
6828,1
6829,0
6830,1
6831,1
6832,1
6833,0
6834,1
6835,1
6836,1
6837,0
6838,0
6839,0
6840,0
6841,0
6842,1
6843,0
6844,0
6845,0
6846,0
6847,1
6848,0
6849,0
6850,0
6851,0
6852,1
6853,1
6854,0
6855,0
6856,0
6857,0
6858,0
6859,0
6860,0
6861,0
6862,1
6863,0
6864,0
6865,0
6866,0
6867,0
6868,0
6869,1
6870,0
6871,0
6872,0
6873,0
6874,1
6875,0
6876,0
6877,1
6878,1
6879,0
6880,1
6881,0
6882,1
6883,0
6884,0
6885,1
6886,0
6887,1
6888,0
6889,0
6890,0
6891,0
6892,0
6893,0
6894,1
6895,0
6896,0
6897,0
6898,0
6899,0
6900,0
6901,0
6902,0
6903,1
6904,0
6905,0
6906,0
6907,0
6908,0
6909,1
6910,0
6911,0
6912,1
6913,1
6914,0
6915,0
6916,1
6917,0
6918,1
6919,0
6920,0
6921,1
6922,0
6923,0
6924,1
6925,0
6926,1
6927,0
6928,1
6929,0
6930,1
6931,1
6932,0
6933,0
6934,0
6935,1
6936,0
6937,0
6938,0
6939,1
6940,0
6941,1
6942,0
6943,1
6944,0
6945,1
6946,0
6947,1
6948,0
6949,1
6950,0
6951,0
6952,0
6953,1
6954,0
6955,0
6956,1
6957,0
6958,0
6959,0
6960,0
6961,0
6962,0
6963,0
6964,0
6965,1
6966,1
6967,1
6968,0
6969,0
6970,1
6971,1
6972,1
6973,0
6974,0
6975,0
6976,0
6977,1
6978,1
6979,0
6980,0
6981,1
6982,0
6983,0
6984,1
6985,1
6986,1
6987,0
6988,1
6989,0
6990,0
6991,1
6992,1
6993,0
6994,0
6995,0
6996,0
6997,0
6998,0
6999,0
7000,1
7001,0
7002,0
7003,1
7004,1
7005,1
7006,1
7007,0
7008,1
7009,0
7010,1
7011,1
7012,1
7013,1
7014,1
7015,0
7016,0
7017,0
7018,0
7019,1
7020,0
7021,0
7022,1
7023,1
7024,1
7025,1
7026,0
7027,0
7028,1
7029,1
7030,1
7031,0
7032,0
7033,0
7034,0
7035,0
7036,1
7037,1
7038,0
7039,0
7040,1
7041,0
7042,0
7043,0
7044,1
7045,0
7046,1
7047,0
7048,0
7049,0
7050,0
7051,0
7052,1
7053,1
7054,0
7055,0
7056,1
7057,0
7058,0
7059,1
7060,0
7061,0
7062,0
7063,1
7064,1
7065,1
7066,0
7067,0
7068,0
7069,0
7070,0
7071,1
7072,1
7073,1
7074,0
7075,1
7076,0
7077,0
7078,1
7079,1
7080,0
7081,1
7082,0
7083,0
7084,0
7085,0
7086,0
7087,0
7088,0
7089,1
7090,1
7091,0
7092,0
7093,0
7094,0
7095,0
7096,1
7097,0
7098,0
7099,1
7100,1
7101,0
7102,1
7103,1
7104,0
7105,0
7106,0
7107,1
7108,0
7109,0
7110,0
7111,0
7112,0
7113,1
7114,0
7115,0
7116,1
7117,0
7118,0
7119,1
7120,1
7121,0
7122,0
7123,0
7124,1
7125,1
7126,1
7127,0
7128,1
7129,0
7130,1
7131,0
7132,1
7133,0
7134,0
7135,0
7136,0
7137,0
7138,0
7139,0
7140,0
7141,1
7142,1
7143,0
7144,0
7145,0
7146,1
7147,0
7148,1
7149,0
7150,0
7151,0
7152,0
7153,1
7154,1
7155,0
7156,0
7157,0
7158,0
7159,1
7160,0
7161,0
7162,0
7163,1
7164,1
7165,1
7166,1
7167,1
7168,0
7169,0
7170,1
7171,1
7172,0
7173,1
7174,0
7175,1
7176,0
7177,1
7178,1
7179,0
7180,1
7181,1
7182,0
7183,0
7184,1
7185,0
7186,0
7187,1
7188,0
7189,1
7190,0
7191,0
7192,0
7193,1
7194,0
7195,1
7196,0
7197,0
7198,0
7199,0
7200,1
7201,0
7202,0
7203,0
7204,0
7205,1
7206,1
7207,0
7208,1
7209,0
7210,1
7211,0
7212,0
7213,0
7214,0
7215,0
7216,1
7217,1
7218,0
7219,0
7220,1
7221,0
7222,1
7223,0
7224,0
7225,0
7226,0
7227,0
7228,0
7229,0
7230,0
7231,0
7232,0
7233,0
7234,0
7235,1
7236,1
7237,1
7238,0
7239,0
7240,0
7241,1
7242,1
7243,0
7244,0
7245,0
7246,0
7247,1
7248,0
7249,0
7250,1
7251,0
7252,0
7253,0
7254,1
7255,0
7256,0
7257,0
7258,1
7259,0
7260,1
7261,0
7262,0
7263,0
7264,1
7265,0
7266,1
7267,1
7268,1
7269,0
7270,1
7271,0
7272,0
7273,0
7274,0
7275,0
7276,0
7277,0
7278,0
7279,0
7280,1
7281,0
7282,0
7283,0
7284,1
7285,0
7286,1
7287,1
7288,1
7289,0
7290,1
7291,0
7292,0
7293,0
7294,0
7295,0
7296,1
7297,0
7298,1
7299,0
7300,0
7301,0
7302,0
7303,0
7304,0
7305,0
7306,1
7307,1
7308,1
7309,0
7310,0
7311,1
7312,0
7313,1
7314,1
7315,0
7316,1
7317,0
7318,1
7319,0
7320,0
7321,0
7322,1
7323,1
7324,1
7325,0
7326,1
7327,1
7328,0
7329,0
7330,1
7331,1
7332,0
7333,1
7334,1
7335,1
7336,0
7337,0
7338,0
7339,0
7340,1
7341,0
7342,0
7343,1
7344,1
7345,0
7346,0
7347,0
7348,1
7349,0
7350,0
7351,0
7352,1
7353,1
7354,1
7355,0
7356,0
7357,0
7358,0
7359,0
7360,0
7361,0
7362,1
7363,1
7364,1
7365,1
7366,0
7367,1
7368,0
7369,1
7370,0
7371,0
7372,0
7373,0
7374,1
7375,0
7376,0
7377,1
7378,0
7379,0
7380,1
7381,0
7382,0
7383,1
7384,1
7385,1
7386,0
7387,0
7388,1
7389,0
7390,0
7391,1
7392,1
7393,0
7394,0
7395,1
7396,0
7397,0
7398,0
7399,1
7400,0
7401,1
7402,1
7403,1
7404,0
7405,1
7406,1
7407,0
7408,1
7409,0
7410,0
7411,1
7412,1
7413,0
7414,0
7415,1
7416,0
7417,0
7418,1
7419,0
7420,0
7421,1
7422,0
7423,0
7424,0
7425,1
7426,1
7427,0
7428,1
7429,0
7430,0
7431,0
7432,0
7433,1
7434,0
7435,0
7436,0
7437,1
7438,0
7439,1
7440,0
7441,1
7442,0
7443,0
7444,0
7445,0
7446,0
7447,0
7448,0
7449,1
7450,1
7451,0
7452,0
7453,0
7454,1
7455,0
7456,0
7457,0
7458,0
7459,1
7460,0
7461,0
7462,0
7463,0
7464,0
7465,0
7466,0
7467,0
7468,0
7469,1
7470,1
7471,1
7472,1
7473,0
7474,0
7475,1
7476,0
7477,0
7478,0
7479,0
7480,1
7481,0
7482,1
7483,0
7484,0
7485,0
7486,0
7487,0
7488,0
7489,1
7490,0
7491,1
7492,0
7493,0
7494,1
7495,0
7496,1
7497,0
7498,0
7499,1
7500,0
7501,0
7502,0
7503,0
7504,1
7505,1
7506,0
7507,1
7508,0
7509,0
7510,1
7511,0
7512,1
7513,0
7514,0
7515,1
7516,0
7517,0
7518,0
7519,1
7520,0
7521,0
7522,0
7523,0
7524,0
7525,0
7526,1
7527,0
7528,0
7529,1
7530,1
7531,1
7532,0
7533,1
7534,1
7535,0
7536,0
7537,0
7538,1
7539,1
7540,0
7541,1
7542,0
7543,0
7544,1
7545,1
7546,0
7547,0
7548,0
7549,0
7550,1
7551,1
7552,0
7553,0
7554,1
7555,0
7556,0
7557,1
7558,1
7559,0
7560,1
7561,0
7562,1
7563,1
7564,0
7565,0
7566,0
7567,1
7568,0
7569,1
7570,1
7571,1
7572,0
7573,0
7574,1
7575,1
7576,1
7577,0
7578,1
7579,0
7580,1
7581,0
7582,0
7583,1
7584,0
7585,1
7586,0
7587,1
7588,1
7589,0
7590,1
7591,0
7592,1
7593,0
7594,0
7595,0
7596,1
7597,0
7598,0
7599,1
7600,0
7601,0
7602,1
7603,0
7604,0
7605,0
7606,0
7607,1
7608,0
7609,0
7610,1
7611,0
7612,0
7613,0
7614,0
7615,0
7616,0
7617,1
7618,0
7619,1
7620,0
7621,0
7622,0
7623,1
7624,0
7625,0
7626,0
7627,0
7628,1
7629,1
7630,0
7631,1
7632,1
7633,1
7634,0
7635,1
7636,0
7637,1
7638,1
7639,1
7640,0
7641,0
7642,1
7643,1
7644,1
7645,0
7646,1
7647,0
7648,1
7649,1
7650,1
7651,1
7652,0
7653,1
7654,0
7655,1
7656,0
7657,0
7658,0
7659,0
7660,1
7661,0
7662,0
7663,1
7664,0
7665,0
7666,1
7667,0
7668,1
7669,0
7670,1
7671,1
7672,0
7673,1
7674,0
7675,1
7676,1
7677,0
7678,1
7679,1
7680,0
7681,0
7682,0
7683,1
7684,1
7685,1
7686,0
7687,0
7688,0
7689,0
7690,1
7691,1
7692,1
7693,1
7694,1
7695,0
7696,1
7697,1
7698,0
7699,0
7700,1
7701,1
7702,0
7703,0
7704,0
7705,1
7706,0
7707,1
7708,0
7709,0
7710,1
7711,0
7712,0
7713,1
7714,0
7715,1
7716,1
7717,1
7718,0
7719,0
7720,0
7721,0
7722,0
7723,0
7724,0
7725,0
7726,0
7727,0
7728,0
7729,0
7730,0
7731,0
7732,0
7733,0
7734,0
7735,0
7736,1
7737,1
7738,1
7739,0
7740,0
7741,1
7742,0
7743,0
7744,0
7745,0
7746,0
7747,0
7748,1
7749,0
7750,0
7751,0
7752,0
7753,1
7754,0
7755,0
7756,0
7757,1
7758,0
7759,0
7760,1
7761,0
7762,0
7763,0
7764,0
7765,1
7766,1
7767,1
7768,0
7769,0
7770,0
7771,1
7772,1
7773,0
7774,1
7775,0
7776,1
7777,0
7778,1
7779,1
7780,0
7781,1
7782,0
7783,0
7784,0
7785,1
7786,0
7787,1
7788,0
7789,0
7790,1
7791,1
7792,0
7793,0
7794,0
7795,1
7796,1
7797,0
7798,0
7799,1
7800,1
7801,0
7802,0
7803,0
7804,0
7805,1
7806,0
7807,1
7808,0
7809,0
7810,0
7811,0
7812,0
7813,1
7814,0
7815,1
7816,0
7817,0
7818,0
7819,0
7820,1
7821,0
7822,0
7823,0
7824,0
7825,0
7826,1
7827,1
7828,1
7829,0
7830,0
7831,0
7832,0
7833,0
7834,1
7835,0
7836,0
7837,1
7838,0
7839,0
7840,0
7841,0
7842,0
7843,1
7844,1
7845,0
7846,0
7847,0
7848,0
7849,1
7850,1
7851,0
7852,1
7853,0
7854,1
7855,0
7856,1
7857,1
7858,1
7859,0
7860,0
7861,1
7862,0
7863,1
7864,0
7865,0
7866,0
7867,0
7868,1
7869,0
7870,0
7871,0
7872,0
7873,1
7874,1
7875,0
7876,0
7877,0
7878,1
7879,1
7880,0
7881,0
7882,1
7883,1
7884,0
7885,1
7886,1
7887,1
7888,1
7889,1
7890,1
7891,1
7892,0
7893,0
7894,0
7895,1
7896,1
7897,0
7898,0
7899,0
7900,1
7901,0
7902,0
7903,1
7904,0
7905,0
7906,0
7907,1
7908,0
7909,1
7910,0
7911,0
7912,0
7913,0
7914,1
7915,0
7916,0
7917,0
7918,0
7919,1
7920,1
7921,1
7922,0
7923,1
7924,0
7925,0
7926,1
7927,1
7928,1
7929,0
7930,1
7931,1
7932,0
7933,0
7934,0
7935,0
7936,0
7937,0
7938,0
7939,0
7940,0
7941,0
7942,0
7943,1
7944,0
7945,1
7946,1
7947,1
7948,0
7949,0
7950,0
7951,1
7952,0
7953,0
7954,0
7955,0
7956,0
7957,0
7958,1
7959,0
7960,1
7961,0
7962,1
7963,0
7964,0
7965,1
7966,0
7967,1
7968,1
7969,1
7970,0
7971,1
7972,0
7973,0
7974,0
7975,1
7976,0
7977,1
7978,0
7979,1
7980,0
7981,0
7982,0
7983,0
7984,1
7985,0
7986,0
7987,1
7988,0
7989,0
7990,0
7991,0
7992,1
7993,0
7994,1
7995,1
7996,0
7997,0
7998,1
7999,0
8000,1
8001,0
8002,1
8003,1
8004,1
8005,1
8006,0
8007,0
8008,1
8009,1
8010,0
8011,0
8012,0
8013,0
8014,1
8015,1
8016,0
8017,0
8018,0
8019,1
8020,0
8021,0
8022,1
8023,0
8024,0
8025,0
8026,0
8027,0
8028,1
8029,1
8030,1
8031,0
8032,0
8033,0
8034,0
8035,0
8036,1
8037,1
8038,1
8039,0
8040,0
8041,0
8042,0
8043,0
8044,0
8045,0
8046,0
8047,0
8048,1
8049,1
8050,1
8051,0
8052,0
8053,0
8054,1
8055,1
8056,1
8057,1
8058,0
8059,0
8060,0
8061,0
8062,1
8063,1
8064,1
8065,1
8066,0
8067,1
8068,1
8069,0
8070,0
8071,1
8072,0
8073,1
8074,1
8075,0
8076,1
8077,0
8078,1
8079,0
8080,1
8081,0
8082,1
8083,1
8084,0
8085,0
8086,0
8087,0
8088,0
8089,1
8090,1
8091,0
8092,1
8093,1
8094,0
8095,0
8096,0
8097,1
8098,1
8099,1
8100,0
8101,1
8102,0
8103,1
8104,0
8105,0
8106,0
8107,1
8108,1
8109,0
8110,1
8111,0
8112,0
8113,0
8114,0
8115,0
8116,1
8117,1
8118,1
8119,0
8120,0
8121,0
8122,1
8123,0
8124,0
8125,1
8126,1
8127,0
8128,0
8129,1
8130,0
8131,1
8132,0
8133,0
8134,0
8135,1
8136,0
8137,0
8138,1
8139,1
8140,1
8141,0
8142,1
8143,0
8144,0
8145,0
8146,1
8147,0
8148,0
8149,1
8150,1
8151,0
8152,1
8153,0
8154,1
8155,1
8156,1
8157,0
8158,0
8159,1
8160,0
8161,0
8162,0
8163,0
8164,0
8165,1
8166,0
8167,0
8168,0
8169,1
8170,0
8171,0
8172,1
8173,0
8174,1
8175,1
8176,0
8177,0
8178,0
8179,0
8180,1
8181,0
8182,0
8183,0
8184,0
8185,0
8186,0
8187,1
8188,0
8189,1
8190,0
8191,1
8192,1
8193,0
8194,0
8195,1
8196,0
8197,0
8198,1
8199,0
8200,1
8201,1
8202,0
8203,0
8204,0
8205,1
8206,1
8207,0
8208,0
8209,0
8210,0
8211,0
8212,0
8213,1
8214,0
8215,0
8216,1
8217,1
8218,1
8219,0
8220,1
8221,0
8222,1
8223,1
8224,1
8225,0
8226,0
8227,0
8228,1
8229,0
8230,0
8231,1
8232,1
8233,1
8234,0
8235,0
8236,1
8237,0
8238,1
8239,1
8240,1
8241,0
8242,0
8243,0
8244,0
8245,1
8246,0
8247,0
8248,0
8249,0
8250,0
8251,0
8252,1
8253,1
8254,1
8255,1
8256,0
8257,0
8258,0
8259,1
8260,1
8261,0
8262,1
8263,0
8264,1
8265,0
8266,0
8267,1
8268,0
8269,1
8270,0
8271,0
8272,0
8273,1
8274,0
8275,0
8276,0
8277,0
8278,0
8279,0
8280,0
8281,1
8282,0
8283,0
8284,0
8285,1
8286,0
8287,1
8288,0
8289,1
8290,0
8291,1
8292,1
8293,0
8294,1
8295,0
8296,0
8297,1
8298,1
8299,0
8300,1
8301,0
8302,1
8303,0
8304,1
8305,0
8306,1
8307,0
8308,1
8309,0
8310,0
8311,1
8312,1
8313,1
8314,0
8315,0
8316,0
8317,0
8318,0
8319,0
8320,1
8321,0
8322,0
8323,1
8324,0
8325,0
8326,0
8327,0
8328,1
8329,1
8330,1
8331,0
8332,1
8333,0
8334,0
8335,0
8336,1
8337,1
8338,0
8339,0
8340,0
8341,1
8342,0
8343,1
8344,1
8345,1
8346,0
8347,1
8348,1
8349,0
8350,1
8351,0
8352,0
8353,0
8354,0
8355,0
8356,1
8357,0
8358,1
8359,1
8360,1
8361,1
8362,0
8363,0
8364,0
8365,0
8366,1
8367,1
8368,0
8369,0
8370,1
8371,0
8372,0
8373,0
8374,0
8375,1
8376,0
8377,0
8378,0
8379,0
8380,0
8381,0
8382,0
8383,1
8384,0
8385,0
8386,1
8387,0
8388,0
8389,1
8390,0
8391,0
8392,0
8393,0
8394,0
8395,0
8396,0
8397,1
8398,0
8399,0
8400,0
8401,0
8402,1
8403,1
8404,1
8405,0
8406,0
8407,0
8408,0
8409,1
8410,1
8411,0
8412,1
8413,1
8414,1
8415,0
8416,0
8417,1
8418,0
8419,1
8420,0
8421,1
8422,1
8423,1
8424,1
8425,1
8426,0
8427,0
8428,1
8429,1
8430,0
8431,0
8432,0
8433,0
8434,0
8435,0
8436,0
8437,0
8438,0
8439,1
8440,0
8441,1
8442,0
8443,1
8444,0
8445,0
8446,1
8447,0
8448,1
8449,0
8450,1
8451,0
8452,0
8453,0
8454,0
8455,0
8456,0
8457,0
8458,1
8459,0
8460,0
8461,1
8462,1
8463,0
8464,0
8465,1
8466,1
8467,1
8468,1
8469,1
8470,0
8471,0
8472,1
8473,1
8474,1
8475,0
8476,0
8477,0
8478,1
8479,0
8480,1
8481,0
8482,0
8483,1
8484,1
8485,0
8486,0
8487,0
8488,0
8489,0
8490,0
8491,0
8492,0
8493,1
8494,0
8495,0
8496,1
8497,0
8498,0
8499,1
8500,1
8501,0
8502,1
8503,0
8504,0
8505,0
8506,0
8507,0
8508,0
8509,0
8510,0
8511,0
8512,0
8513,0
8514,0
8515,0
8516,0
8517,0
8518,0
8519,0
8520,0
8521,0
8522,0
8523,1
8524,0
8525,0
8526,0
8527,1
8528,1
8529,1
8530,1
8531,0
8532,1
8533,0
8534,0
8535,1
8536,0
8537,1
8538,0
8539,0
8540,1
8541,0
8542,1
8543,0
8544,0
8545,1
8546,0
8547,0
8548,1
8549,0
8550,1
8551,0
8552,1
8553,0
8554,0
8555,1
8556,1
8557,0
8558,1
8559,0
8560,0
8561,1
8562,0
8563,0
8564,1
8565,0
8566,0
8567,0
8568,0
8569,0
8570,1
8571,0
8572,0
8573,0
8574,0
8575,0
8576,0
8577,0
8578,1
8579,0
8580,0
8581,1
8582,0
8583,1
8584,1
8585,0
8586,0
8587,1
8588,1
8589,0
8590,0
8591,0
8592,1
8593,1
8594,1
8595,1
8596,1
8597,1
8598,0
8599,1
8600,0
8601,1
8602,0
8603,0
8604,0
8605,0
8606,0
8607,0
8608,0
8609,1
8610,0
8611,0
8612,0
8613,0
8614,1
8615,0
8616,0
8617,1
8618,1
8619,1
8620,0
8621,1
8622,1
8623,1
8624,1
8625,0
8626,0
8627,0
8628,1
8629,1
8630,0
8631,1
8632,1
8633,0
8634,0
8635,0
8636,1
8637,1
8638,0
8639,1
8640,0
8641,0
8642,1
8643,0
8644,0
8645,0
8646,0
8647,1
8648,1
8649,0
8650,0
8651,0
8652,1
8653,1
8654,0
8655,1
8656,0
8657,0
8658,1
8659,1
8660,1
8661,0
8662,1
8663,0
8664,0
8665,1
8666,1
8667,1
8668,0
8669,0
8670,0
8671,0
8672,0
8673,0
8674,1
8675,1
8676,0
8677,0
8678,0
8679,0
8680,0
8681,0
8682,0
8683,0
8684,0
8685,0
8686,1
8687,0
8688,0
8689,0
8690,0
8691,0
8692,0
8693,0
8694,0
8695,0
8696,0
8697,1
8698,1
8699,0
8700,1
8701,1
8702,0
8703,0
8704,1
8705,0
8706,0
8707,0
8708,0
8709,1
8710,1
8711,1
8712,1
8713,0
8714,1
8715,1
8716,0
8717,0
8718,0
8719,1
8720,1
8721,1
8722,0
8723,0
8724,0
8725,1
8726,1
8727,0
8728,1
8729,1
8730,0
8731,0
8732,1
8733,0
8734,1
8735,0
8736,0
8737,1
8738,0
8739,1
8740,0
8741,1
8742,0
8743,0
8744,1
8745,0
8746,1
8747,0
8748,0
8749,0
8750,0
8751,0
8752,0
8753,0
8754,0
8755,1
8756,1
8757,0
8758,1
8759,0
8760,1
8761,0
8762,0
8763,0
8764,0
8765,1
8766,1
8767,1
8768,1
8769,1
8770,1
8771,1
8772,0
8773,0
8774,1
8775,0
8776,1
8777,0
8778,1
8779,0
8780,0
8781,1
8782,0
8783,1
8784,0
8785,0
8786,1
8787,0
8788,0
8789,1
8790,0
8791,0
8792,0
8793,0
8794,1
8795,1
8796,0
8797,1
8798,1
8799,1
8800,1
8801,1
8802,0
8803,1
8804,0
8805,1
8806,1
8807,0
8808,0
8809,0
8810,0
8811,0
8812,1
8813,1
8814,0
8815,1
8816,0
8817,0
8818,1
8819,0
8820,0
8821,1
8822,0
8823,1
8824,1
8825,0
8826,1
8827,0
8828,0
8829,1
8830,0
8831,1
8832,0
8833,1
8834,1
8835,0
8836,0
8837,0
8838,0
8839,1
8840,1
8841,0
8842,1
8843,1
8844,0
8845,0
8846,0
8847,1
8848,1
8849,1
8850,0
8851,0
8852,1
8853,0
8854,0
8855,1
8856,0
8857,1
8858,0
8859,0
8860,1
8861,0
8862,0
8863,1
8864,1
8865,0
8866,0
8867,0
8868,1
8869,0
8870,0
8871,1
8872,1
8873,0
8874,1
8875,1
8876,0
8877,0
8878,0
8879,1
8880,1
8881,0
8882,1
8883,1
8884,1
8885,0
8886,1
8887,1
8888,1
8889,0
8890,0
8891,0
8892,1
8893,0
8894,0
8895,0
8896,0
8897,0
8898,1
8899,1
8900,1
8901,0
8902,0
8903,0
8904,0
8905,0
8906,1
8907,0
8908,0
8909,0
8910,0
8911,1
8912,0
8913,1
8914,0
8915,0
8916,1
8917,0
8918,0
8919,0
8920,0
8921,0
8922,1
8923,1
8924,1
8925,1
8926,0
8927,0
8928,0
8929,0
8930,0
8931,1
8932,1
8933,1
8934,0
8935,0
8936,0
8937,0
8938,1
8939,1
8940,1
8941,0
8942,1
8943,0
8944,1
8945,1
8946,1
8947,0
8948,1
8949,1
8950,0
8951,1
8952,0
8953,0
8954,1
8955,1
8956,0
8957,0
8958,0
8959,0
8960,1
8961,1
8962,1
8963,0
8964,0
8965,0
8966,0
8967,0
8968,0
8969,0
8970,0
8971,0
8972,0
8973,0
8974,0
8975,0
8976,0
8977,0
8978,0
8979,0
8980,0
8981,0
8982,0
8983,0
8984,0
8985,0
8986,0
8987,0
8988,0
8989,1
8990,1
8991,0
8992,0
8993,0
8994,1
8995,0
8996,0
8997,0
8998,0
8999,1
9000,1
9001,0
9002,0
9003,0
9004,1
9005,1
9006,0
9007,0
9008,0
9009,0
9010,0
9011,1
9012,0
9013,0
9014,0
9015,1
9016,0
9017,0
9018,0
9019,0
9020,0
9021,0
9022,1
9023,1
9024,0
9025,0
9026,1
9027,0
9028,0
9029,0
9030,0
9031,0
9032,0
9033,1
9034,0
9035,0
9036,0
9037,0
9038,1
9039,1
9040,0
9041,1
9042,0
9043,1
9044,0
9045,1
9046,0
9047,1
9048,1
9049,0
9050,0
9051,0
9052,0
9053,0
9054,1
9055,0
9056,0
9057,0
9058,0
9059,0
9060,1
9061,1
9062,0
9063,0
9064,0
9065,0
9066,1
9067,0
9068,0
9069,0
9070,0
9071,0
9072,0
9073,0
9074,1
9075,0
9076,0
9077,0
9078,1
9079,1
9080,0
9081,0
9082,0
9083,1
9084,1
9085,1
9086,1
9087,0
9088,1
9089,0
9090,1
9091,1
9092,1
9093,0
9094,0
9095,0
9096,1
9097,0
9098,1
9099,0
9100,0
9101,1
9102,1
9103,1
9104,1
9105,0
9106,0
9107,0
9108,0
9109,0
9110,0
9111,0
9112,0
9113,0
9114,1
9115,1
9116,0
9117,0
9118,1
9119,1
9120,0
9121,1
9122,0
9123,0
9124,1
9125,1
9126,0
9127,1
9128,0
9129,1
9130,1
9131,0
9132,0
9133,0
9134,1
9135,0
9136,0
9137,1
9138,0
9139,0
9140,0
9141,0
9142,0
9143,0
9144,1
9145,1
9146,0
9147,1
9148,0
9149,0
9150,1
9151,1
9152,0
9153,1
9154,1
9155,1
9156,0
9157,0
9158,0
9159,0
9160,0
9161,0
9162,0
9163,1
9164,1
9165,0
9166,1
9167,0
9168,0
9169,0
9170,0
9171,0
9172,0
9173,1
9174,0
9175,0
9176,0
9177,1
9178,0
9179,0
9180,1
9181,0
9182,1
9183,0
9184,0
9185,0
9186,0
9187,0
9188,1
9189,1
9190,1
9191,0
9192,1
9193,0
9194,1
9195,1
9196,1
9197,0
9198,0
9199,0
9200,0
9201,0
9202,0
9203,0
9204,0
9205,0
9206,0
9207,0
9208,0
9209,1
9210,0
9211,0
9212,0
9213,1
9214,0
9215,0
9216,0
9217,1
9218,0
9219,0
9220,1
9221,1
9222,0
9223,1
9224,0
9225,1
9226,0
9227,0
9228,1
9229,0
9230,0
9231,1
9232,0
9233,0
9234,0
9235,0
9236,0
9237,1
9238,1
9239,1
9240,1
9241,1
9242,1
9243,0
9244,1
9245,0
9246,0
9247,0
9248,1
9249,0
9250,1
9251,1
9252,0
9253,1
9254,0
9255,1
9256,0
9257,0
9258,1
9259,0
9260,1
9261,0
9262,1
9263,0
9264,0
9265,0
9266,0
9267,1
9268,0
9269,0
9270,0
9271,0
9272,0
9273,0
9274,0
9275,1
9276,0
9277,1
9278,0
9279,1
9280,0
9281,1
9282,1
9283,1
9284,0
9285,1
9286,0
9287,0
9288,1
9289,0
9290,1
9291,0
9292,0
9293,1
9294,0
9295,1
9296,0
9297,1
9298,1
9299,0
9300,0
9301,1
9302,0
9303,1
9304,0
9305,0
9306,1
9307,0
9308,1
9309,1
9310,0
9311,0
9312,0
9313,1
9314,1
9315,1
9316,0
9317,0
9318,0
9319,0
9320,0
9321,1
9322,0
9323,0
9324,0
9325,0
9326,0
9327,1
9328,1
9329,0
9330,1
9331,0
9332,1
9333,0
9334,1
9335,0
9336,0
9337,1
9338,0
9339,1
9340,0
9341,1
9342,0
9343,0
9344,0
9345,1
9346,1
9347,0
9348,0
9349,0
9350,1
9351,0
9352,1
9353,1
9354,0
9355,0
9356,0
9357,0
9358,1
9359,0
9360,1
9361,0
9362,0
9363,1
9364,1
9365,1
9366,1
9367,1
9368,1
9369,0
9370,0
9371,1
9372,0
9373,0
9374,0
9375,1
9376,1
9377,0
9378,1
9379,0
9380,0
9381,1
9382,1
9383,1
9384,0
9385,1
9386,1
9387,1
9388,1
9389,1
9390,1
9391,1
9392,0
9393,0
9394,0
9395,0
9396,0
9397,0
9398,0
9399,0
9400,0
9401,0
9402,1
9403,1
9404,0
9405,1
9406,0
9407,0
9408,1
9409,0
9410,0
9411,0
9412,1
9413,1
9414,0
9415,1
9416,1
9417,1
9418,0
9419,1
9420,0
9421,1
9422,1
9423,0
9424,1
9425,1
9426,0
9427,0
9428,1
9429,1
9430,1
9431,1
9432,1
9433,0
9434,1
9435,0
9436,0
9437,0
9438,0
9439,0
9440,1
9441,0
9442,0
9443,0
9444,0
9445,0
9446,0
9447,0
9448,0
9449,0
9450,1
9451,0
9452,0
9453,0
9454,0
9455,0
9456,0
9457,1
9458,0
9459,1
9460,1
9461,1
9462,0
9463,1
9464,0
9465,1
9466,1
9467,0
9468,0
9469,1
9470,0
9471,0
9472,0
9473,0
9474,0
9475,0
9476,0
9477,0
9478,0
9479,1
9480,1
9481,0
9482,1
9483,1
9484,0
9485,0
9486,0
9487,1
9488,1
9489,0
9490,0
9491,0
9492,1
9493,0
9494,0
9495,0
9496,1
9497,0
9498,0
9499,1
9500,0
9501,0
9502,1
9503,0
9504,0
9505,0
9506,1
9507,1
9508,0
9509,0
9510,1
9511,0
9512,1
9513,1
9514,0
9515,1
9516,1
9517,0
9518,0
9519,0
9520,1
9521,0
9522,1
9523,0
9524,0
9525,0
9526,1
9527,1
9528,1
9529,0
9530,0
9531,1
9532,0
9533,0
9534,0
9535,0
9536,1
9537,1
9538,0
9539,1
9540,1
9541,1
9542,0
9543,0
9544,1
9545,0
9546,1
9547,1
9548,0
9549,0
9550,1
9551,0
9552,1
9553,1
9554,0
9555,0
9556,1
9557,1
9558,0
9559,1
9560,0
9561,1
9562,0
9563,0
9564,1
9565,0
9566,0
9567,1
9568,0
9569,0
9570,1
9571,0
9572,0
9573,0
9574,0
9575,0
9576,1
9577,0
9578,1
9579,0
9580,0
9581,1
9582,1
9583,0
9584,0
9585,0
9586,1
9587,0
9588,1
9589,1
9590,1
9591,0
9592,0
9593,1
9594,1
9595,0
9596,0
9597,0
9598,0
9599,1
9600,1
9601,1
9602,0
9603,1
9604,0
9605,0
9606,0
9607,0
9608,0
9609,0
9610,0
9611,0
9612,1
9613,0
9614,1
9615,0
9616,0
9617,1
9618,0
9619,0
9620,0
9621,0
9622,1
9623,0
9624,0
9625,1
9626,0
9627,0
9628,1
9629,1
9630,1
9631,1
9632,1
9633,0
9634,0
9635,1
9636,1
9637,1
9638,1
9639,0
9640,1
9641,1
9642,0
9643,0
9644,0
9645,0
9646,1
9647,1
9648,0
9649,0
9650,0
9651,0
9652,0
9653,0
9654,0
9655,0
9656,0
9657,0
9658,1
9659,0
9660,1
9661,0
9662,0
9663,0
9664,0
9665,0
9666,1
9667,0
9668,0
9669,1
9670,1
9671,0
9672,0
9673,0
9674,1
9675,1
9676,0
9677,0
9678,0
9679,0
9680,1
9681,1
9682,1
9683,1
9684,0
9685,0
9686,0
9687,0
9688,0
9689,0
9690,0
9691,0
9692,1
9693,0
9694,1
9695,0
9696,0
9697,0
9698,1
9699,0
9700,0
9701,1
9702,0
9703,1
9704,1
9705,1
9706,1
9707,1
9708,1
9709,1
9710,0
9711,0
9712,0
9713,1
9714,0
9715,0
9716,1
9717,0
9718,1
9719,0
9720,0
9721,1
9722,1
9723,0
9724,0
9725,1
9726,0
9727,0
9728,0
9729,0
9730,0
9731,0
9732,1
9733,0
9734,0
9735,0
9736,0
9737,0
9738,0
9739,0
9740,0
9741,1
9742,0
9743,0
9744,1
9745,0
9746,0
9747,0
9748,1
9749,0
9750,1
9751,0
9752,1
9753,0
9754,0
9755,1
9756,1
9757,0
9758,0
9759,0
9760,0
9761,0
9762,0
9763,1
9764,1
9765,1
9766,1
9767,1
9768,0
9769,0
9770,0
9771,0
9772,1
9773,0
9774,0
9775,0
9776,0
9777,0
9778,1
9779,1
9780,0
9781,1
9782,1
9783,1
9784,1
9785,0
9786,0
9787,0
9788,1
9789,0
9790,0
9791,0
9792,0
9793,1
9794,1
9795,1
9796,1
9797,1
9798,1
9799,0
9800,1
9801,1
9802,0
9803,1
9804,1
9805,0
9806,1
9807,0
9808,0
9809,1
9810,0
9811,1
9812,0
9813,1
9814,0
9815,0
9816,0
9817,1
9818,1
9819,0
9820,0
9821,0
9822,0
9823,1
9824,0
9825,1
9826,1
9827,0
9828,0
9829,0
9830,1
9831,0
9832,1
9833,1
9834,0
9835,0
9836,0
9837,1
9838,0
9839,0
9840,0
9841,0
9842,0
9843,1
9844,0
9845,0
9846,0
9847,1
9848,1
9849,0
9850,1
9851,0
9852,1
9853,0
9854,1
9855,1
9856,0
9857,0
9858,0
9859,0
9860,1
9861,0
9862,0
9863,1
9864,1
9865,0
9866,0
9867,0
9868,0
9869,1
9870,1
9871,0
9872,1
9873,0
9874,0
9875,0
9876,1
9877,1
9878,1
9879,0
9880,0
9881,1
9882,0
9883,1
9884,1
9885,1
9886,1
9887,1
9888,1
9889,1
9890,0
9891,1
9892,0
9893,0
9894,1
9895,0
9896,0
9897,0
9898,0
9899,1
9900,1
9901,0
9902,1
9903,0
9904,1
9905,0
9906,1
9907,1
9908,0
9909,0
9910,0
9911,0
9912,1
9913,0
9914,0
9915,0
9916,1
9917,1
9918,1
9919,0
9920,0
9921,1
9922,0
9923,0
9924,1
9925,1
9926,1
9927,1
9928,0
9929,0
9930,0
9931,0
9932,1
9933,0
9934,0
9935,0
9936,0
9937,0
9938,1
9939,0
9940,1
9941,0
9942,0
9943,1
9944,1
9945,0
9946,0
9947,0
9948,0
9949,0
9950,0
9951,0
9952,1
9953,0
9954,0
9955,0
9956,1
9957,0
9958,1
9959,1
9960,0
9961,0
9962,1
9963,0
9964,1
9965,1
9966,0
9967,0
9968,0
9969,1
9970,0
9971,0
9972,1
9973,0
9974,0
9975,1
9976,0
9977,1
9978,1
9979,0
9980,1
9981,0
9982,1
9983,0
9984,0
9985,0
9986,1
9987,0
9988,0
9989,1
9990,1
9991,0
9992,0
9993,0
9994,0
9995,1
9996,0
9997,1
9998,1
9999,1
10000,0
10001,1
10002,1
10003,1
10004,1
10005,1
10006,1
10007,0
10008,0
10009,0
10010,1
10011,0
10012,0
10013,0
10014,1
10015,0
10016,1
10017,1
10018,0
10019,0
10020,0
10021,0
10022,1
10023,0
10024,1
10025,0
10026,0
10027,0
10028,0
10029,0
10030,0
10031,0
10032,0
10033,0
10034,0
10035,0
10036,1
10037,0
10038,0
10039,1
10040,1
10041,0
10042,1
10043,0
10044,0
10045,1
10046,1
10047,1
10048,1
10049,1
10050,0
10051,0
10052,1
10053,0
10054,1
10055,0
10056,0
10057,0
10058,0
10059,0
10060,0
10061,1
10062,0
10063,1
10064,1
10065,0
10066,0
10067,1
10068,1
10069,0
10070,0
10071,0
10072,1
10073,1
10074,1
10075,0
10076,0
10077,0
10078,1
10079,1
10080,0
10081,0
10082,0
10083,0
10084,0
10085,1
10086,0
10087,0
10088,1
10089,0
10090,1
10091,0
10092,1
10093,0
10094,1
10095,0
10096,0
10097,0
10098,1
10099,0
10100,0
10101,0
10102,1
10103,0
10104,1
10105,0
10106,0
10107,1
10108,0
10109,0
10110,1
10111,1
10112,1
10113,1
10114,1
10115,1
10116,1
10117,0
10118,1
10119,1
10120,1
10121,0
10122,0
10123,0
10124,0
10125,0
10126,0
10127,0
10128,0
10129,0
10130,0
10131,1
10132,0
10133,0
10134,0
10135,1
10136,1
10137,0
10138,1
10139,0
10140,1
10141,0
10142,0
10143,1
10144,0
10145,0
10146,0
10147,0
10148,0
10149,1
10150,1
10151,1
10152,0
10153,0
10154,1
10155,0
10156,1
10157,0
10158,1
10159,0
10160,1
10161,0
10162,0
10163,1
10164,0
10165,0
10166,1
10167,0
10168,1
10169,1
10170,0
10171,0
10172,0
10173,1
10174,1
10175,0
10176,0
10177,1
10178,1
10179,1
10180,1
10181,0
10182,1
10183,1
10184,1
10185,1
10186,0
10187,1
10188,0
10189,0
10190,0
10191,1
10192,1
10193,1
10194,0
10195,0
10196,1
10197,1
10198,0
10199,0
10200,1
10201,0
10202,0
10203,0
10204,1
10205,1
10206,1
10207,0
10208,0
10209,1
10210,0
10211,0
10212,0
10213,1
10214,0
10215,0
10216,1
10217,0
10218,1
10219,0
10220,0
10221,0
10222,1
10223,0
10224,1
10225,0
10226,1
10227,0
10228,1
10229,0
10230,1
10231,0
10232,0
10233,1
10234,1
10235,1
10236,0
10237,0
10238,0
10239,0
10240,0
10241,0
10242,0
10243,0
10244,1
10245,0
10246,1
10247,1
10248,0
10249,1
10250,1
10251,1
10252,1
10253,0
10254,0
10255,0
10256,1
10257,0
10258,0
10259,1
10260,0
10261,1
10262,0
10263,0
10264,1
10265,1
10266,1
10267,1
10268,0
10269,1
10270,1
10271,1
10272,1
10273,0
10274,1
10275,1
10276,1
10277,0
10278,0
10279,1
10280,0
10281,0
10282,0
10283,1
10284,1
10285,0
10286,1
10287,0
10288,0
10289,1
10290,0
10291,0
10292,0
10293,1
10294,0
10295,1
10296,1
10297,0
10298,1
10299,0
10300,0
10301,0
10302,1
10303,1
10304,1
10305,0
10306,0
10307,1
10308,0
10309,0
10310,0
10311,0
10312,0
10313,0
10314,0
10315,0
10316,0
10317,1
10318,0
10319,0
10320,0
10321,1
10322,0
10323,1
10324,1
10325,1
10326,1
10327,0
10328,0
10329,1
10330,0
10331,1
10332,0
10333,0
10334,1
10335,0
10336,0
10337,0
10338,0
10339,0
10340,0
10341,1
10342,0
10343,1
10344,1
10345,0
10346,1
10347,0
10348,1
10349,0
10350,1
10351,1
10352,1
10353,1
10354,0
10355,0
10356,0
10357,0
10358,1
10359,0
10360,1
10361,1
10362,1
10363,1
10364,1
10365,1
10366,1
10367,1
10368,1
10369,1
10370,0
10371,1
10372,0
10373,0
10374,0
10375,0
10376,0
10377,1
10378,0
10379,0
10380,0
10381,0
10382,0
10383,0
10384,1
10385,0
10386,1
10387,0
10388,0
10389,0
10390,0
10391,0
10392,0
10393,0
10394,0
10395,0
10396,1
10397,0
10398,0
10399,1
10400,1
10401,1
10402,0
10403,1
10404,1
10405,1
10406,1
10407,0
10408,1
10409,0
10410,0
10411,0
10412,0
10413,0
10414,0
10415,1
10416,0
10417,0
10418,1
10419,0
10420,0
10421,0
10422,1
10423,0
10424,1
10425,0
10426,0
10427,1
10428,0
10429,1
10430,1
10431,0
10432,1
10433,0
10434,1
10435,1
10436,1
10437,1
10438,0
10439,1
10440,1
10441,1
10442,0
10443,1
10444,0
10445,1
10446,1
10447,1
10448,0
10449,0
10450,0
10451,1
10452,0
10453,1
10454,0
10455,0
10456,1
10457,0
10458,0
10459,0
10460,1
10461,0
10462,1
10463,0
10464,0
10465,1
10466,0
10467,1
10468,0
10469,0
10470,1
10471,0
10472,1
10473,0
10474,0
10475,1
10476,0
10477,0
10478,0
10479,0
10480,1
10481,0
10482,1
10483,0
10484,0
10485,1
10486,1
10487,0
10488,0
10489,0
10490,0
10491,1
10492,1
10493,0
10494,0
10495,0
10496,0
10497,0
10498,1
10499,0
10500,1
10501,0
10502,0
10503,0
10504,1
10505,1
10506,1
10507,0
10508,0
10509,0
10510,1
10511,0
10512,1
10513,0
10514,1
10515,1
10516,1
10517,0
10518,0
10519,0
10520,1
10521,1
10522,1
10523,1
10524,0
10525,0
10526,0
10527,0
10528,1
10529,1
10530,1
10531,1
10532,1
10533,0
10534,1
10535,1
10536,1
10537,0
10538,0
10539,0
10540,0
10541,0
10542,0
10543,0
10544,1
10545,1
10546,0
10547,0
10548,1
10549,1
10550,0
10551,0
10552,1
10553,1
10554,0
10555,0
10556,0
10557,0
10558,0
10559,0
10560,0
10561,0
10562,0
10563,1
10564,1
10565,0
10566,1
10567,0
10568,1
10569,1
10570,1
10571,0
10572,1
10573,0
10574,0
10575,1
10576,0
10577,0
10578,1
10579,0
10580,1
10581,0
10582,0
10583,1
10584,0
10585,0
10586,1
10587,1
10588,1
10589,0
10590,1
10591,0
10592,0
10593,0
10594,1
10595,0
10596,0
10597,0
10598,0
10599,0
10600,1
10601,0
10602,1
10603,0
10604,0
10605,0
10606,0
10607,0
10608,0
10609,1
10610,0
10611,1
10612,0
10613,1
10614,0
10615,1
10616,0
10617,1
10618,0
10619,0
10620,1
10621,0
10622,0
10623,0
10624,0
10625,0
10626,1
10627,0
10628,0
10629,0
10630,0
10631,0
10632,1
10633,0
10634,1
10635,0
10636,1
10637,0
10638,1
10639,0
10640,0
10641,1
10642,1
10643,1
10644,0
10645,1
10646,0
10647,0
10648,0
10649,1
10650,0
10651,1
10652,0
10653,0
10654,0
10655,0
10656,0
10657,1
10658,0
10659,0
10660,0
10661,1
10662,0
10663,0
10664,1
10665,0
10666,1
10667,0
10668,0
10669,0
10670,0
10671,0
10672,0
10673,0
10674,1
10675,1
10676,1
10677,1
10678,0
10679,1
10680,1
10681,0
10682,1
10683,1
10684,0
10685,1
10686,0
10687,0
10688,0
10689,1
10690,1
10691,1
10692,0
10693,0
10694,0
10695,0
10696,1
10697,1
10698,1
10699,0
10700,1
10701,0
10702,1
10703,1
10704,0
10705,0
10706,0
10707,0
10708,0
10709,0
10710,0
10711,1
10712,1
10713,0
10714,0
10715,1
10716,0
10717,1
10718,1
10719,1
10720,1
10721,1
10722,1
10723,0
10724,1
10725,1
10726,0
10727,0
10728,0
10729,0
10730,0
10731,1
10732,1
10733,0
10734,0
10735,0
10736,1
10737,0
10738,1
10739,0
10740,1
10741,1
10742,0
10743,0
10744,0
10745,1
10746,1
10747,0
10748,0
10749,0
10750,0
10751,0
10752,0
10753,0
10754,1
10755,0
10756,1
10757,1
10758,0
10759,0
10760,1
10761,0
10762,0
10763,1
10764,1
10765,0
10766,1
10767,0
10768,0
10769,0
10770,0
10771,0
10772,1
10773,0
10774,1
10775,0
10776,1
10777,1
10778,1
10779,1
10780,0
10781,0
10782,0
10783,1
10784,1
10785,1
10786,0
10787,0
10788,0
10789,0
10790,1
10791,0
10792,0
10793,0
10794,0
10795,1
10796,1
10797,0
10798,1
10799,1
10800,0
10801,0
10802,0
10803,0
10804,0
10805,1
10806,0
10807,1
10808,0
10809,0
10810,0
10811,1
10812,0
10813,1
10814,0
10815,0
10816,1
10817,1
10818,1
10819,0
10820,0
10821,0
10822,0
10823,0
10824,0
10825,0
10826,0
10827,1
10828,1
10829,0
10830,0
10831,0
10832,0
10833,0
10834,0
10835,1
10836,0
10837,0
10838,1
10839,1
10840,0
10841,1
10842,1
10843,0
10844,0
10845,1
10846,0
10847,1
10848,0
10849,0
10850,0
10851,0
10852,0
10853,0
10854,0
10855,0
10856,1
10857,1
10858,1
10859,0
10860,1
10861,1
10862,1
10863,0
10864,0
10865,1
10866,0
10867,0
10868,0
10869,0
10870,0
10871,0
10872,1
10873,0
10874,0
10875,0
10876,0
10877,0
10878,1
10879,1
10880,1
10881,0
10882,1
10883,0
10884,1
10885,1
10886,0
10887,0
10888,1
10889,0
10890,0
10891,1
10892,1
10893,1
10894,1
10895,0
10896,0
10897,0
10898,1
10899,1
10900,0
10901,1
10902,0
10903,0
10904,1
10905,0
10906,0
10907,1
10908,0
10909,1
10910,0
10911,0
10912,0
10913,1
10914,0
10915,1
10916,0
10917,1
10918,0
10919,1
10920,0
10921,0
10922,1
10923,0
10924,0
10925,0
10926,0
10927,1
10928,0
10929,1
10930,1
10931,1
10932,1
10933,1
10934,1
10935,1
10936,0
10937,1
10938,0
10939,1
10940,0
10941,1
10942,1
10943,1
10944,1
